2014-09-05T12:14:00-00:00,-93.399356,44.541063,Minnetonka,0.362,30.49,5.4,8.76,1008.76,4.05,0,0.16
2014-09-05T12:14:00-00:00,-93.397025,44.545457,Minnetonka,0.361,30.68,5.55,8.77,1008.77,4.1,0,0.16
2014-09-05T12:14:00-00:00,-93.396957,44.545103,Minnetonka,0.347,31,5.29,8.71,1008.71,4.1,0,0.16
2014-09-05T12:14:00-00:00,-93.396869,44.544763,Minnetonka,0.352,31.23,5.38,8.7,1008.7,4.1,0,0.16
2014-09-05T12:14:00-00:00,-93.396786,44.544434,Minnetonka,0.35,31.21,5.41,8.71,1008.71,4.1,0,0.16
2014-09-05T12:14:00-00:00,-93.396781,44.544074,Minnetonka,0.35,31.13,5.42,8.72,1008.72,4.08,0,0.16
2014-09-05T12:14:00-00:00,-93.396993,44.543751,Minnetonka,0.352,30.83,5.42,8.74,1008.74,4.1,0,0.16
2014-09-05T12:14:00-00:00,-93.397336,44.543483,Minnetonka,0.353,30.33,5.52,8.79,1008.79,4.1,0,0.16
2014-09-05T12:14:00-00:00,-93.397695,44.543225,Minnetonka,0.355,29.95,5.35,8.79,1008.79,4.08,0,0.16
2014-09-05T12:14:00-00:00,-93.398043,44.542967,Minnetonka,0.365,29.95,5.19,8.77,1008.77,4.08,0,0.16
2014-09-05T12:14:00-00:00,-93.398374,44.542693,Minnetonka,0.379,30.03,4.93,8.72,1008.72,4.05,0,0.16
2014-09-05T12:14:00-00:00,-93.398685,44.542409,Minnetonka,0.373,30.22,4.96,8.71,1008.71,4.04,0,0.16
2014-09-05T12:14:00-00:00,-93.398944,44.542099,Minnetonka,0.347,30.14,5.54,8.81,1008.81,4.07,0,0.16
2014-09-05T12:14:00-00:00,-93.39913,44.541764,Minnetonka,0.368,30.16,5.16,8.75,1008.75,4.06,0,0.16
2014-09-05T12:14:00-00:00,-93.39926,44.541415,Minnetonka,0.375,30.59,5.1,8.71,1008.71,4.05,0,0.16
2014-09-05T12:14:00-00:00,-93.397049,44.545814,Minnetonka,0.354,30.86,5.32,8.72,1008.72,4.03,0,0.17
2014-09-05T12:14:00-00:00,-93.399427,44.54071,Minnetonka,0.357,30.55,5.49,8.77,1008.77,4.06,0,0.16
2014-09-05T12:14:00-00:00,-93.399493,44.540359,Minnetonka,0.357,30.53,5.52,8.78,1008.78,4.06,0,0.16
2014-09-05T12:14:00-00:00,-93.399524,44.539996,Minnetonka,0.354,30.39,5.6,8.8,1008.8,4.06,0,0.16
2014-09-05T12:14:00-00:00,-93.399452,44.539646,Minnetonka,0.342,30.06,5.86,8.86,1008.86,4.06,0,0.16
2014-09-05T12:14:00-00:00,-93.399334,44.539297,Minnetonka,0.343,30.66,5.84,8.82,1008.82,4.05,0,0.16
2014-09-05T12:14:00-00:00,-93.399199,44.538954,Minnetonka,0.331,30.27,5.94,8.86,1008.86,4.07,0,0.16
2014-09-05T12:14:00-00:00,-93.398916,44.538728,Minnetonka,0.331,30.73,6.08,8.85,1008.85,4.07,0,0.16
2014-09-05T12:14:00-00:00,-93.398713,44.538645,Minnetonka,0.325,30.71,6.1,8.85,1008.85,4.09,0,0.16
2014-09-05T12:14:00-00:00,-93.398596,44.538645,Minnetonka,0.3,30.71,6.78,8.94,1008.94,3.03,0,0.15
2014-09-05T12:14:00-00:00,-93.398501,44.538646,Minnetonka,0.214,30.2,8.65,9.17,1009.17,0.37,0,0.07
2014-09-05T12:14:00-00:00,-93.398408,44.538648,Minnetonka,0.199,30.37,9.02,9.2,1009.2,1.3,0,0.07
2014-09-05T12:14:00-00:00,-93.398321,44.538651,Minnetonka,0.196,30.43,9.57,9.23,1009.23,1.44,0,0.07
2014-09-05T12:14:00-00:00,-93.398231,44.538655,Minnetonka,0.212,30.4,9.41,9.22,1009.22,2.13,0,0.07
2014-09-05T12:14:00-00:00,-93.398522,44.550708,Minnetonka,0.465,31.2,2.45,8.16,1008.16,3.84,0,0.17
2014-09-05T12:14:00-00:00,-93.403528,44.55196,Minnetonka,0.596,30.57,8.78,7.32,1007.32,3.37,0,0.18
2014-09-05T12:14:00-00:00,-93.403053,44.552084,Minnetonka,0.55,30.43,0.23,7.71,1007.71,3.37,0,0.18
2014-09-05T12:14:00-00:00,-93.40258,44.552212,Minnetonka,0.482,30.95,1.87,8.05,1008.05,3.59,0,0.18
2014-09-05T12:14:00-00:00,-93.402114,44.552355,Minnetonka,0.484,30.8,2.18,8.13,1008.13,3.65,0,0.17
2014-09-05T12:14:00-00:00,-93.401649,44.552512,Minnetonka,0.503,29.54,1.77,8.15,1008.15,3.68,0,0.18
2014-09-05T12:14:00-00:00,-93.401182,44.552644,Minnetonka,0.462,30.93,2.42,8.17,1008.17,3.65,0,0.18
2014-09-05T12:14:00-00:00,-93.400724,44.552675,Minnetonka,0.472,31.08,2.07,8.08,1008.08,3.67,0,0.18
2014-09-05T12:14:00-00:00,-93.400225,44.552716,Minnetonka,0.51,29.9,1.18,7.99,1007.99,3.65,0,0.18
2014-09-05T12:14:00-00:00,-93.399733,44.55261,Minnetonka,0.524,31.6,0.66,7.71,1007.71,3.65,0,0.18
2014-09-05T12:14:00-00:00,-93.399374,44.552364,Minnetonka,0.521,31.33,0.9,7.79,1007.79,3.68,0,0.18
2014-09-05T12:14:00-00:00,-93.399107,44.552074,Minnetonka,0.513,30.7,1.32,7.95,1007.95,3.72,0,0.18
2014-09-05T12:14:00-00:00,-93.398918,44.551743,Minnetonka,0.559,31.58,9.9,7.52,1007.52,3.73,0,0.17
2014-09-05T12:14:00-00:00,-93.398787,44.5514,Minnetonka,0.547,31.37,0.47,7.68,1007.68,3.71,0,0.18
2014-09-05T12:14:00-00:00,-93.398659,44.551056,Minnetonka,0.504,29.67,1.25,8.02,1008.02,3.81,0,0.17
2014-09-05T12:14:00-00:00,-93.398142,44.538655,Minnetonka,0.175,30.17,0.07,9.27,1009.27,1.73,0,0.07
2014-09-05T12:14:00-00:00,-93.398376,44.550364,Minnetonka,0.461,31.46,2.6,8.17,1008.17,3.84,0,0.17
2014-09-05T12:14:00-00:00,-93.3982,44.550027,Minnetonka,0.464,31.3,2.63,8.19,1008.19,3.85,0,0.17
2014-09-05T12:14:00-00:00,-93.398021,44.549695,Minnetonka,0.477,31.17,2.2,8.1,1008.1,3.85,0,0.17
2014-09-05T12:14:00-00:00,-93.397858,44.549351,Minnetonka,0.432,31.6,3.17,8.27,1008.27,3.86,0,0.17
2014-09-05T12:14:00-00:00,-93.397728,44.54901,Minnetonka,0.461,31.8,2.68,8.15,1008.15,3.85,0,0.17
2014-09-05T12:14:00-00:00,-93.39758,44.548667,Minnetonka,0.477,31.66,2.31,8.08,1008.08,3.84,0,0.17
2014-09-05T12:14:00-00:00,-93.39744,44.548323,Minnetonka,0.439,31.55,2.78,8.2,1008.2,3.87,0,0.17
2014-09-05T12:14:00-00:00,-93.397302,44.547981,Minnetonka,0.417,32.2,3.31,8.25,1008.25,3.86,0,0.17
2014-09-05T12:14:00-00:00,-93.397166,44.547643,Minnetonka,0.414,31.86,3.68,8.35,1008.35,3.91,0,0.17
2014-09-05T12:14:00-00:00,-93.397062,44.547286,Minnetonka,0.397,31.44,4.12,8.47,1008.47,3.92,0,0.17
2014-09-05T12:14:00-00:00,-93.39699,44.546916,Minnetonka,0.404,31.48,4.07,8.46,1008.46,3.93,0,0.17
2014-09-05T12:14:00-00:00,-93.397001,44.546543,Minnetonka,0.395,30.86,4.25,8.54,1008.54,3.96,0,0.17
2014-09-05T12:14:00-00:00,-93.397026,44.546172,Minnetonka,0.366,31.51,5.02,8.62,1008.62,3.99,0,0.17
2014-09-05T12:14:00-00:00,-93.394862,44.53739,Minnetonka,0.305,30.47,6.64,8.94,1008.94,2.01,0,0.15
2014-09-05T12:14:00-00:00,-93.395895,44.538481,Minnetonka,0.337,29.89,6.09,8.9,1008.9,0.39,0,0.15
2014-09-05T12:14:00-00:00,-93.395836,44.538381,Minnetonka,0.331,30.01,6.3,8.92,1008.92,3.26,0,0.16
2014-09-05T12:14:00-00:00,-93.395758,44.538286,Minnetonka,0.327,30.28,6.65,8.95,1008.95,1.69,0,0.15
2014-09-05T12:14:00-00:00,-93.395663,44.538193,Minnetonka,0.348,29.56,6.09,8.93,1008.93,2.68,0,0.15
2014-09-05T12:14:00-00:00,-93.395568,44.538099,Minnetonka,0.343,29.95,5.7,8.85,1008.85,2.43,0,0.15
2014-09-05T12:14:00-00:00,-93.395483,44.538008,Minnetonka,0.349,29.75,5.76,8.87,1008.87,1.86,0,0.15
2014-09-05T12:14:00-00:00,-93.395404,44.537943,Minnetonka,0.334,30.28,6.17,8.89,1008.89,2.44,0,0.15
2014-09-05T12:14:00-00:00,-93.395322,44.537878,Minnetonka,0.326,30.33,6.44,8.92,1008.92,2.16,0,0.15
2014-09-05T12:14:00-00:00,-93.395251,44.537812,Minnetonka,0.329,30.36,6.29,8.9,1008.9,1.52,0,0.15
2014-09-05T12:14:00-00:00,-93.395189,44.537742,Minnetonka,0.322,29.02,6.35,8.99,1008.99,2.37,0,0.15
2014-09-05T12:14:00-00:00,-93.395131,44.537672,Minnetonka,0.33,30.3,6.32,8.91,1008.91,2.32,0,0.15
2014-09-05T12:14:00-00:00,-93.395062,44.537604,Minnetonka,0.32,30.37,6.52,8.93,1008.93,2.61,0,0.15
2014-09-05T12:14:00-00:00,-93.394996,44.537528,Minnetonka,0.323,30.14,6.35,8.92,1008.92,2.33,0,0.15
2014-09-05T12:14:00-00:00,-93.394936,44.537456,Minnetonka,0.316,30.29,6.48,8.93,1008.93,2.58,0,0.15
2014-09-05T12:14:00-00:00,-93.395948,44.538587,Minnetonka,0.336,30.15,6.11,8.89,1008.89,2.95,0,0.15
2014-09-05T12:14:00-00:00,-93.394767,44.537321,Minnetonka,0.315,30.5,6.59,8.93,1008.93,1.35,0,0.15
2014-09-05T12:14:00-00:00,-93.39467,44.537264,Minnetonka,0.324,30.31,6.35,8.91,1008.91,2.56,0,0.15
2014-09-05T12:14:00-00:00,-93.39457,44.537213,Minnetonka,0.324,30.29,6.24,8.9,1008.9,2.76,0,0.15
2014-09-05T12:14:00-00:00,-93.394468,44.53716,Minnetonka,0.348,30.5,5.53,8.78,1008.78,2.26,0,0.15
2014-09-05T12:14:00-00:00,-93.394368,44.537106,Minnetonka,0.367,30.4,5.42,8.77,1008.77,2.78,0,0.15
2014-09-05T12:14:00-00:00,-93.39428,44.537059,Minnetonka,0.366,30.36,5.47,8.78,1008.78,2.22,0,0.15
2014-09-05T12:14:00-00:00,-93.394179,44.537009,Minnetonka,0.365,30.39,5.33,8.76,1008.76,1.55,0,0.15
2014-09-05T12:14:00-00:00,-93.394073,44.536966,Minnetonka,0.339,30.44,6,8.86,1008.86,2.71,0,0.15
2014-09-05T12:14:00-00:00,-93.393961,44.536927,Minnetonka,0.306,30.44,6.8,8.96,1008.96,1.85,0,0.15
2014-09-05T12:14:00-00:00,-93.393848,44.536888,Minnetonka,0.32,30.02,6.54,8.96,1008.96,2.43,0,0.15
2014-09-05T12:14:00-00:00,-93.393741,44.536844,Minnetonka,0.319,30.36,6.49,8.93,1008.93,1.83,0,0.15
2014-09-05T12:14:00-00:00,-93.393626,44.536797,Minnetonka,0.329,30.86,6.34,8.87,1008.87,1.97,0,0.15
2014-09-05T12:14:00-00:00,-93.393507,44.536746,Minnetonka,0.312,29.67,6.66,8.99,1008.99,1.9,0,0.15
2014-09-05T12:14:00-00:00,-93.396901,44.538562,Minnetonka,0.374,29.85,5.24,8.78,1008.78,0.73,0,0.15
2014-09-05T12:14:00-00:00,-93.398048,44.538656,Minnetonka,0.197,29.96,9.59,9.25,1009.25,0.44,0,0.07
2014-09-05T12:14:00-00:00,-93.397949,44.538646,Minnetonka,0.186,30.32,9.78,9.25,1009.25,1.6,0,0.08
2014-09-05T12:14:00-00:00,-93.397851,44.538634,Minnetonka,0.177,30.07,0.13,9.28,1009.28,1.79,0,0.07
2014-09-05T12:14:00-00:00,-93.397761,44.538631,Minnetonka,0.191,29.83,9.9,9.27,1009.27,1.83,0,0.07
2014-09-05T12:14:00-00:00,-93.397679,44.538637,Minnetonka,0.171,29.52,0.52,9.31,1009.31,1.78,0,0.07
2014-09-05T12:14:00-00:00,-93.397584,44.538638,Minnetonka,0.168,29.52,0.59,9.31,1009.31,1.85,0,0.07
2014-09-05T12:14:00-00:00,-93.397493,44.538639,Minnetonka,0.187,29.72,0.05,9.28,1009.28,1.79,0,0.07
2014-09-05T12:14:00-00:00,-93.397404,44.538644,Minnetonka,0.177,29.74,0.36,9.3,1009.3,1.54,0,0.07
2014-09-05T12:14:00-00:00,-93.397313,44.538646,Minnetonka,0.161,29.65,0.82,9.31,1009.31,1.54,0,0.07
2014-09-05T12:14:00-00:00,-93.397224,44.53865,Minnetonka,0.355,29.89,5.65,8.84,1008.84,2.23,0,0.16
2014-09-05T12:14:00-00:00,-93.397134,44.53865,Minnetonka,0.366,30.03,5.81,8.85,1008.85,1.83,0,0.16
2014-09-05T12:14:00-00:00,-93.397053,44.538629,Minnetonka,0.364,29.94,5.51,8.82,1008.82,1.34,0,0.15
2014-09-05T12:14:00-00:00,-93.396977,44.538594,Minnetonka,0.357,29.78,5.46,8.82,1008.82,2.21,0,0.15
2014-09-05T12:14:00-00:00,-93.404014,44.551843,Minnetonka,0.592,30.48,9.13,7.42,1007.42,3.16,0,0.19
2014-09-05T12:14:00-00:00,-93.396832,44.538525,Minnetonka,0.365,29.8,5.58,8.84,1008.84,2.64,0,0.15
2014-09-05T12:14:00-00:00,-93.396764,44.538485,Minnetonka,0.359,29.75,5.52,8.83,1008.83,2.15,0,0.15
2014-09-05T12:14:00-00:00,-93.396698,44.538447,Minnetonka,0.354,29.89,5.86,8.87,1008.87,1.39,0,0.15
2014-09-05T12:14:00-00:00,-93.396636,44.538461,Minnetonka,0.329,29.87,6.26,8.93,1008.93,1.4,0,0.15
2014-09-05T12:14:00-00:00,-93.396552,44.538473,Minnetonka,0.279,30.13,7.55,9.07,1009.07,0.43,0,0.15
2014-09-05T12:14:00-00:00,-93.39647,44.538491,Minnetonka,0.286,30.03,7.57,9.08,1009.08,1.78,0,0.16
2014-09-05T12:14:00-00:00,-93.396382,44.538515,Minnetonka,0.315,29.68,6.75,9,1009,1.92,0,0.15
2014-09-05T12:14:00-00:00,-93.396318,44.538549,Minnetonka,0.342,29.96,5.9,8.87,1008.87,2.67,0,0.15
2014-09-05T12:14:00-00:00,-93.396251,44.538587,Minnetonka,0.347,29.95,5.9,8.87,1008.87,2.96,0,0.15
2014-09-05T12:14:00-00:00,-93.396172,44.538619,Minnetonka,0.356,29.77,5.77,8.87,1008.87,2.3,0,0.15
2014-09-05T12:14:00-00:00,-93.396103,44.538654,Minnetonka,0.357,29.95,5.66,8.84,1008.84,2.99,0,0.15
2014-09-05T12:14:00-00:00,-93.396035,44.538691,Minnetonka,0.349,29.78,5.56,8.84,1008.84,2.19,0,0.15
2014-09-05T12:14:00-00:00,-93.395993,44.538663,Minnetonka,0.35,29.94,5.67,8.84,1008.84,2.47,0,0.15
2014-09-05T12:14:00-00:00,-93.410609,44.545589,Minnetonka,1.248,29.66,2.85,1.36,1001.36,1.37,0,0.31
2014-09-05T12:14:00-00:00,-93.410192,44.547133,Minnetonka,1.234,31.15,2.94,1.37,1001.37,1.44,0,0.31
2014-09-05T12:14:00-00:00,-93.410054,44.546782,Minnetonka,1.253,31.05,2.71,1.27,1001.27,1.44,0,0.31
2014-09-05T12:14:00-00:00,-93.410123,44.546415,Minnetonka,1.277,30.33,2.13,1.02,1001.02,1.43,0,0.31
2014-09-05T12:14:00-00:00,-93.410253,44.546062,Minnetonka,1.297,29.89,1.56,0.76,1000.76,1.44,0,0.31
2014-09-05T12:14:00-00:00,-93.410375,44.545707,Minnetonka,1.314,30.47,1.13,0.54,1000.54,1.43,0,0.31
2014-09-05T12:14:00-00:00,-93.410488,44.545351,Minnetonka,1.164,30.3,4.47,2.08,1002.08,1.4,0,0.31
2014-09-05T12:14:00-00:00,-93.410574,44.544988,Minnetonka,1.136,29.73,5.91,2.74,1002.74,1.46,0,0.31
2014-09-05T12:14:00-00:00,-93.410638,44.544623,Minnetonka,1.184,30.1,4.61,2.15,1002.15,1.34,0,0.31
2014-09-05T12:14:00-00:00,-93.410841,44.544307,Minnetonka,1.216,29.82,3.74,1.77,1001.77,1.31,0,0.31
2014-09-05T12:14:00-00:00,-93.4113,44.544202,Minnetonka,1.301,28.41,1.7,0.84,1000.84,1.26,0,0.31
2014-09-05T12:14:00-00:00,-93.411669,44.544378,Minnetonka,1.294,29.76,1.74,0.84,1000.84,1.25,0,0.31
2014-09-05T12:14:00-00:00,-93.411597,44.544712,Minnetonka,1.289,29.89,1.41,0.68,1000.68,1.3,0,0.31
2014-09-05T12:14:00-00:00,-93.411231,44.544981,Minnetonka,1.272,29.57,2.23,1.07,1001.07,1.35,0,0.31
2014-09-05T12:14:00-00:00,-93.410902,44.545278,Minnetonka,1.253,29.59,2.76,1.33,1001.33,1.36,0,0.31
2014-09-05T12:14:00-00:00,-93.410511,44.54742,Minnetonka,1.205,30.84,4.13,1.91,1001.91,1.43,0,0.31
2014-09-05T12:14:00-00:00,-93.410415,44.545934,Minnetonka,1.228,29.53,3.29,1.57,1001.57,1.35,0,0.31
2014-09-05T12:14:00-00:00,-93.410312,44.54629,Minnetonka,1.186,30.16,4.47,2.09,1002.09,1.37,0,0.31
2014-09-05T12:14:00-00:00,-93.410297,44.546657,Minnetonka,1.149,30.1,5.18,2.41,1002.41,1.45,0,0.31
2014-09-05T12:14:00-00:00,-93.410381,44.54701,Minnetonka,1.12,30.42,5.97,2.74,1002.74,1.39,0,0.31
2014-09-05T12:14:00-00:00,-93.410573,44.547343,Minnetonka,1.324,30.42,1.19,0.57,1000.57,1.43,0,0.31
2014-09-05T12:14:00-00:00,-93.410891,44.547625,Minnetonka,1.314,30.33,1.17,0.57,1000.57,1.43,0,0.31
2014-09-05T12:14:00-00:00,-93.411294,44.547855,Minnetonka,1.287,30.4,1.6,0.77,1000.77,1.45,0,0.31
2014-09-05T12:14:00-00:00,-93.411693,44.548089,Minnetonka,1.256,29.93,2.43,1.16,1001.16,1.45,0,0.31
2014-09-05T12:14:00-00:00,-93.412067,44.54834,Minnetonka,1.248,29.68,2.86,1.37,1001.37,1.44,0,0.31
2014-09-05T12:14:00-00:00,-93.412412,44.54861,Minnetonka,1.235,29.74,3.08,1.47,1001.47,1.42,0,0.31
2014-09-05T12:14:00-00:00,-93.412746,44.548889,Minnetonka,1.208,29,3.8,1.82,1001.82,1.4,0,0.31
2014-09-05T12:14:00-00:00,-93.413076,44.54917,Minnetonka,1.195,29.4,4.21,2,1002,1.4,0,0.31
2014-09-05T12:14:00-00:00,-93.413385,44.54946,Minnetonka,1.207,29.14,3.87,1.85,1001.85,1.41,0,0.31
2014-09-05T12:14:00-00:00,-93.415248,44.55015,Minnetonka,1.25,30.35,2.94,1.39,1001.39,1.48,0,0.32
2014-09-05T12:14:00-00:00,-93.418949,44.54987,Minnetonka,1.254,30.6,2.54,1.2,1001.2,1.44,0,0.32
2014-09-05T12:14:00-00:00,-93.418801,44.549912,Minnetonka,1.248,30.72,2.97,1.39,1001.39,1.46,0,0.32
2014-09-05T12:14:00-00:00,-93.418651,44.549957,Minnetonka,1.255,30.19,2.86,1.36,1001.36,1.45,0,0.32
2014-09-05T12:14:00-00:00,-93.418483,44.549996,Minnetonka,1.258,30.47,2.55,1.21,1001.21,1.45,0,0.32
2014-09-05T12:14:00-00:00,-93.418288,44.550051,Minnetonka,1.263,30.48,2.57,1.22,1001.22,1.45,0,0.32
2014-09-05T12:14:00-00:00,-93.418077,44.550115,Minnetonka,1.264,29.83,2.51,1.2,1001.2,1.47,0,0.32
2014-09-05T12:14:00-00:00,-93.417876,44.550186,Minnetonka,1.254,30.31,2.83,1.34,1001.34,1.48,0,0.32
2014-09-05T12:14:00-00:00,-93.417646,44.550248,Minnetonka,1.256,29.71,2.69,1.29,1001.29,1.48,0,0.31
2014-09-05T12:14:00-00:00,-93.417324,44.550291,Minnetonka,1.253,30.25,2.74,1.3,1001.3,1.48,0,0.32
2014-09-05T12:14:00-00:00,-93.416925,44.550296,Minnetonka,1.23,30.31,3.23,1.52,1001.52,1.49,0,0.32
2014-09-05T12:14:00-00:00,-93.416503,44.550277,Minnetonka,1.207,30.36,3.93,1.84,1001.84,1.48,0,0.32
2014-09-05T12:14:00-00:00,-93.416075,44.550256,Minnetonka,1.244,30.24,2.93,1.39,1001.39,1.46,0,0.32
2014-09-05T12:14:00-00:00,-93.415652,44.55021,Minnetonka,1.247,30.08,2.78,1.32,1001.32,1.47,0,0.32
2014-09-05T12:14:00-00:00,-93.413659,44.54977,Minnetonka,1.218,29.6,3.7,1.76,1001.76,1.42,0,0.31
2014-09-05T12:14:00-00:00,-93.414858,44.550038,Minnetonka,1.231,30.29,3.29,1.55,1001.55,1.49,0,0.32
2014-09-05T12:14:00-00:00,-93.414498,44.549888,Minnetonka,1.228,29.87,3.53,1.67,1001.67,1.47,0,0.32
2014-09-05T12:14:00-00:00,-93.414152,44.549718,Minnetonka,1.29,30.45,1.89,0.9,1000.9,1.45,0,0.32
2014-09-05T12:14:00-00:00,-93.413817,44.549535,Minnetonka,1.289,30.01,1.97,0.95,1000.95,1.44,0,0.31
2014-09-05T12:14:00-00:00,-93.413483,44.549348,Minnetonka,1.279,29.8,1.97,0.95,1000.95,1.43,0,0.31
2014-09-05T12:14:00-00:00,-93.413151,44.549162,Minnetonka,1.246,30.09,2.89,1.37,1001.37,1.41,0,0.31
2014-09-05T12:14:00-00:00,-93.412824,44.548974,Minnetonka,1.22,30.35,3.43,1.61,1001.61,1.4,0,0.31
2014-09-05T12:14:00-00:00,-93.412494,44.548792,Minnetonka,1.214,30.21,3.58,1.69,1001.69,1.41,0,0.31
2014-09-05T12:14:00-00:00,-93.412163,44.548605,Minnetonka,1.216,30.34,3.47,1.63,1001.63,1.42,0,0.31
2014-09-05T12:14:00-00:00,-93.41185,44.5484,Minnetonka,1.203,30.06,3.91,1.84,1001.84,1.42,0,0.31
2014-09-05T12:14:00-00:00,-93.41153,44.548193,Minnetonka,1.207,30.4,3.81,1.79,1001.79,1.41,0,0.31
2014-09-05T12:14:00-00:00,-93.411199,44.547954,Minnetonka,1.189,30.53,4.35,2.02,1002.02,1.41,0,0.31
2014-09-05T12:14:00-00:00,-93.410853,44.547692,Minnetonka,1.185,30.66,4.42,2.05,1002.05,1.39,0,0.31
2014-09-05T12:14:00-00:00,-93.409446,44.551023,Minnetonka,0.633,30.42,8.01,7.12,1007.12,0.99,0,0.2
2014-09-05T12:14:00-00:00,-93.410912,44.551352,Minnetonka,1.063,30.59,7.15,3.23,1003.23,0.59,0,0.27
2014-09-05T12:14:00-00:00,-93.410889,44.551285,Minnetonka,0.914,30.47,0.78,4.69,1004.69,0.72,0,0.24
2014-09-05T12:14:00-00:00,-93.410869,44.551218,Minnetonka,0.842,29.94,3.2,5.62,1005.62,0.43,0,0.23
2014-09-05T12:14:00-00:00,-93.410848,44.551152,Minnetonka,0.788,30.02,4.65,6.11,1006.11,0.9,0,0.22
2014-09-05T12:14:00-00:00,-93.410815,44.55109,Minnetonka,0.78,30.04,4.52,6.07,1006.07,0.76,0,0.22
2014-09-05T12:14:00-00:00,-93.410772,44.551033,Minnetonka,0.752,30.49,5.91,6.48,1006.48,0.51,0,0.21
2014-09-05T12:14:00-00:00,-93.410267,44.551161,Minnetonka,0.741,30.55,5.7,6.41,1006.41,1.14,0,0.2
2014-09-05T12:14:00-00:00,-93.410184,44.551106,Minnetonka,0.664,30.33,7.61,7.01,1007.01,0.93,0,0.2
2014-09-05T12:14:00-00:00,-93.410082,44.551081,Minnetonka,0.663,30.51,7.71,7.02,1007.02,0.83,0,0.2
2014-09-05T12:14:00-00:00,-93.409979,44.551057,Minnetonka,0.652,30.48,7.47,6.96,1006.96,0.83,0,0.2
2014-09-05T12:14:00-00:00,-93.409873,44.551032,Minnetonka,0.688,30.57,7.15,6.85,1006.85,1.75,0,0.2
2014-09-05T12:14:00-00:00,-93.409769,44.551022,Minnetonka,0.662,30.67,7.2,6.86,1006.86,1.33,0,0.19
2014-09-05T12:14:00-00:00,-93.409667,44.551021,Minnetonka,0.681,30.68,6.39,6.61,1006.61,0.76,0,0.2
2014-09-05T12:14:00-00:00,-93.409561,44.551021,Minnetonka,0.695,30.41,6.84,6.77,1006.77,1.01,0,0.19
2014-09-05T12:14:00-00:00,-93.410923,44.551425,Minnetonka,1.136,29.13,5.88,2.76,1002.76,0.53,0,0.28
2014-09-05T12:14:00-00:00,-93.409342,44.551031,Minnetonka,0.651,30.57,8.08,7.12,1007.12,0.85,0,0.2
2014-09-05T12:14:00-00:00,-93.409233,44.551044,Minnetonka,0.639,30.52,8.01,7.11,1007.11,1.25,0,0.2
2014-09-05T12:14:00-00:00,-93.409114,44.551057,Minnetonka,0.712,30.41,6.47,6.66,1006.66,0.81,0,0.19
2014-09-05T12:14:00-00:00,-93.40894,44.551094,Minnetonka,0.693,30.86,6.92,6.76,1006.76,1.02,0,0.2
2014-09-05T12:14:00-00:00,-93.408612,44.551165,Minnetonka,0.727,30.57,6.23,6.57,1006.57,0.7,0,0.2
2014-09-05T12:14:00-00:00,-93.408084,44.551262,Minnetonka,0.711,30.76,5.97,6.47,1006.47,2.24,0,0.19
2014-09-05T12:14:00-00:00,-93.407502,44.551334,Minnetonka,0.657,30.37,7.47,6.96,1006.96,2.94,0,0.19
2014-09-05T12:14:00-00:00,-93.40695,44.551401,Minnetonka,0.639,30.7,7.79,7.03,1007.03,3,0,0.19
2014-09-05T12:14:00-00:00,-93.406456,44.551466,Minnetonka,0.609,31.12,8.74,7.26,1007.26,2.66,0,0.19
2014-09-05T12:14:00-00:00,-93.405965,44.551529,Minnetonka,0.664,30.81,7.16,6.83,1006.83,3.08,0,0.2
2014-09-05T12:14:00-00:00,-93.405475,44.551603,Minnetonka,0.66,30.81,7.59,6.96,1006.96,3.06,0,0.19
2014-09-05T12:14:00-00:00,-93.404997,44.551686,Minnetonka,0.674,31,6.97,6.76,1006.76,2.9,0,0.2
2014-09-05T12:14:00-00:00,-93.404511,44.551761,Minnetonka,0.654,30.99,7.49,6.91,1006.91,3.09,0,0.2
2014-09-05T12:14:00-00:00,-93.411284,44.552462,Minnetonka,1.363,30.1,-0.25,-0.12,999.88,1.37,0,0.31
2014-09-05T12:14:00-00:00,-93.41393,44.550074,Minnetonka,1.209,29.85,3.67,1.74,1001.74,1.41,0,0.31
2014-09-05T12:14:00-00:00,-93.414185,44.550384,Minnetonka,1.226,30.63,3.35,1.57,1001.57,1.41,0,0.31
2014-09-05T12:14:00-00:00,-93.414352,44.550723,Minnetonka,1.225,30.73,3.39,1.58,1001.58,1.42,0,0.31
2014-09-05T12:14:00-00:00,-93.41439,44.551083,Minnetonka,1.211,30.85,3.68,1.71,1001.71,1.42,0,0.31
2014-09-05T12:14:00-00:00,-93.414327,44.551441,Minnetonka,1.201,30.43,3.92,1.83,1001.83,1.48,0,0.31
2014-09-05T12:14:00-00:00,-93.414173,44.551784,Minnetonka,1.149,30.47,5.28,2.44,1002.44,1.52,0,0.31
2014-09-05T12:14:00-00:00,-93.413916,44.552093,Minnetonka,1.27,30.35,2.42,1.15,1001.15,1.41,0,0.32
2014-09-05T12:14:00-00:00,-93.413527,44.552325,Minnetonka,1.303,30.12,1.35,0.65,1000.65,1.4,0,0.32
2014-09-05T12:14:00-00:00,-93.413092,44.552518,Minnetonka,1.271,30.58,2.13,1.01,1001.01,1.42,0,0.31
2014-09-05T12:14:00-00:00,-93.412584,44.552611,Minnetonka,1.297,29.77,1.59,0.77,1000.77,1.38,0,0.31
2014-09-05T12:14:00-00:00,-93.412068,44.5526,Minnetonka,1.295,30.3,1.22,0.59,1000.59,1.41,0,0.31
2014-09-05T12:14:00-00:00,-93.41166,44.552567,Minnetonka,1.207,30.23,3.68,1.73,1001.73,1.4,0,0.31
2014-09-05T12:14:00-00:00,-93.411392,44.552517,Minnetonka,1.217,30.29,3.92,1.84,1001.84,1.43,0,0.31
2014-09-05T12:14:00-00:00,-93.393343,44.536691,Minnetonka,0.326,30.53,6.44,8.91,1008.91,2.31,0,0.15
2014-09-05T12:14:00-00:00,-93.411198,44.552382,Minnetonka,1.414,30.44,-1.49,-0.72,999.28,1.26,0,0.31
2014-09-05T12:14:00-00:00,-93.411155,44.552312,Minnetonka,1.399,30.48,-1.08,-0.52,999.48,0.72,0,0.31
2014-09-05T12:14:00-00:00,-93.411121,44.552234,Minnetonka,1.425,30.58,-1.74,-0.84,999.16,1.16,0,0.31
2014-09-05T12:14:00-00:00,-93.411082,44.552156,Minnetonka,1.415,30.42,-1.02,-0.49,999.51,0.75,0,0.3
2014-09-05T12:14:00-00:00,-93.411059,44.552081,Minnetonka,1.374,30.36,-0.46,-0.22,999.78,0.98,0,0.31
2014-09-05T12:14:00-00:00,-93.411035,44.552003,Minnetonka,1.367,30.49,-0.32,-0.15,999.85,0.48,0,0.31
2014-09-05T12:14:00-00:00,-93.411009,44.551931,Minnetonka,1.377,28.78,-0.63,-0.31,999.69,0.56,0,0.3
2014-09-05T12:14:00-00:00,-93.410985,44.55186,Minnetonka,1.376,30.69,-0.99,-0.47,999.53,0.51,0,0.31
2014-09-05T12:14:00-00:00,-93.410969,44.551788,Minnetonka,1.465,30.68,-2.87,-1.4,998.6,0.57,0,0.3
2014-09-05T12:14:00-00:00,-93.410957,44.551714,Minnetonka,1.487,30.5,-3.21,-1.58,998.42,0.49,0,0.3
2014-09-05T12:14:00-00:00,-93.410948,44.551641,Minnetonka,1.379,30.45,-1.5,-0.72,999.28,0.61,0,0.3
2014-09-05T12:14:00-00:00,-93.41094,44.551569,Minnetonka,1.338,30.02,-0.36,-0.17,999.83,0.52,0,0.29
2014-09-05T12:14:00-00:00,-93.410931,44.551497,Minnetonka,1.147,30.36,4.51,2.1,1002.1,0.74,0,0.28
2014-09-05T12:14:00-00:00,-93.350917,44.557816,Minnetonka,0.251,28.65,8.83,9.25,1009.25,4.38,0,0.12
2014-09-05T12:14:00-00:00,-93.355829,44.557276,Minnetonka,0.167,28.36,1.01,9.33,1009.33,1.16,0,0.07
2014-09-05T12:14:00-00:00,-93.355784,44.557341,Minnetonka,0.155,28.17,1.41,9.33,1009.33,1.1,0,0.07
2014-09-05T12:14:00-00:00,-93.355741,44.557405,Minnetonka,0.151,28.27,1.51,9.33,1009.33,1.03,0,0.07
2014-09-05T12:14:00-00:00,-93.355673,44.557458,Minnetonka,0.155,28.57,1.48,9.33,1009.33,0.99,0,0.07
2014-09-05T12:14:00-00:00,-93.355575,44.557507,Minnetonka,0.155,28.14,1.42,9.33,1009.33,0.86,0,0.07
2014-09-05T12:14:00-00:00,-93.355298,44.55765,Minnetonka,0.181,27.95,0.79,9.33,1009.33,0.24,0,0.07
2014-09-05T12:14:00-00:00,-93.354834,44.557849,Minnetonka,0.258,28.15,8.61,9.25,1009.25,1.24,0,0.12
2014-09-05T12:14:00-00:00,-93.354295,44.557995,Minnetonka,0.248,28,8.98,9.28,1009.28,2.39,0,0.12
2014-09-05T12:14:00-00:00,-93.353789,44.558084,Minnetonka,0.267,28.36,8.58,9.24,1009.24,1.28,0,0.12
2014-09-05T12:14:00-00:00,-93.353303,44.558116,Minnetonka,0.255,28.46,8.68,9.24,1009.24,1.94,0,0.12
2014-09-05T12:14:00-00:00,-93.352812,44.558125,Minnetonka,0.269,27.95,8.36,9.24,1009.24,3.12,0,0.12
2014-09-05T12:14:00-00:00,-93.35232,44.558109,Minnetonka,0.27,28.59,8.35,9.22,1009.22,4.33,0,0.12
2014-09-05T12:14:00-00:00,-93.351832,44.558061,Minnetonka,0.266,28.55,8.55,9.23,1009.23,4.3,0,0.12
2014-09-05T12:14:00-00:00,-93.35136,44.557966,Minnetonka,0.258,28.59,8.76,9.25,1009.25,4.2,0,0.12
2014-09-05T12:14:00-00:00,-93.355881,44.557214,Minnetonka,0.184,28.31,0.68,9.33,1009.33,0.96,0,0.07
2014-09-05T12:14:00-00:00,-93.350521,44.557601,Minnetonka,0.257,29.06,8.64,9.22,1009.22,4.39,0,0.12
2014-09-05T12:14:00-00:00,-93.350178,44.557347,Minnetonka,0.26,28.77,8.65,9.23,1009.23,4.38,0,0.12
2014-09-05T12:14:00-00:00,-93.349917,44.557037,Minnetonka,0.265,28.76,8.57,9.23,1009.23,4.37,0,0.12
2014-09-05T12:14:00-00:00,-93.349673,44.55672,Minnetonka,0.265,28.7,8.43,9.22,1009.22,4.37,0,0.12
2014-09-05T12:14:00-00:00,-93.34944,44.556401,Minnetonka,0.265,28.79,8.48,9.22,1009.22,4.36,0,0.12
2014-09-05T12:14:00-00:00,-93.349219,44.556129,Minnetonka,0.243,28.93,8.92,9.24,1009.24,4.35,0,0.12
2014-09-05T12:14:00-00:00,-93.349072,44.555972,Minnetonka,0.247,28.65,8.94,9.25,1009.25,4.34,0,0.12
2014-09-05T12:14:00-00:00,-93.349005,44.555879,Minnetonka,0.248,28.47,8.97,9.26,1009.26,4.35,0,0.12
2014-09-05T12:14:00-00:00,-93.348958,44.555799,Minnetonka,0.192,28.31,0.29,9.32,1009.32,1.1,0,0.07
2014-09-05T12:14:00-00:00,-93.348906,44.555728,Minnetonka,0.204,28.64,9.86,9.3,1009.3,1.87,0,0.07
2014-09-05T12:14:00-00:00,-93.348861,44.555655,Minnetonka,0.185,28.41,0.04,9.31,1009.31,1.91,0,0.07
2014-09-05T12:14:00-00:00,-93.348809,44.555582,Minnetonka,0.196,28.44,0.28,9.32,1009.32,1.97,0,0.07
2014-09-05T12:14:00-00:00,-93.348738,44.555512,Minnetonka,0.208,28.35,0.48,9.32,1009.32,1.95,0,0.07
2014-09-05T12:14:00-00:00,-93.356593,44.556318,Minnetonka,0.176,28.55,0.82,9.33,1009.33,1.18,0,0.07
2014-09-05T12:14:00-00:00,-93.357316,44.555372,Minnetonka,0.265,28.57,8.62,9.24,1009.24,4.37,0,0.12
2014-09-05T12:14:00-00:00,-93.35724,44.555461,Minnetonka,0.215,28.38,0.06,9.31,1009.31,0.77,0,0.08
2014-09-05T12:14:00-00:00,-93.357178,44.555534,Minnetonka,0.207,28.24,0.31,9.32,1009.32,1.84,0,0.08
2014-09-05T12:14:00-00:00,-93.357117,44.555604,Minnetonka,0.209,28.55,0.6,9.32,1009.32,1.93,0,0.07
2014-09-05T12:14:00-00:00,-93.357064,44.555668,Minnetonka,0.202,28.3,0.2,9.32,1009.32,1.95,0,0.08
2014-09-05T12:14:00-00:00,-93.357015,44.555728,Minnetonka,0.192,28.95,0.57,9.32,1009.32,1.93,0,0.07
2014-09-05T12:14:00-00:00,-93.356971,44.555795,Minnetonka,0.188,28.7,0.53,9.32,1009.32,1.87,0,0.07
2014-09-05T12:14:00-00:00,-93.356928,44.555863,Minnetonka,0.203,28.48,0.6,9.32,1009.32,1.8,0,0.07
2014-09-05T12:14:00-00:00,-93.356881,44.555925,Minnetonka,0.19,28.36,0.76,9.33,1009.33,1.7,0,0.08
2014-09-05T12:14:00-00:00,-93.356834,44.555988,Minnetonka,0.186,28.47,0.61,9.32,1009.32,1.51,0,0.07
2014-09-05T12:14:00-00:00,-93.356785,44.556051,Minnetonka,0.199,28.59,0.62,9.32,1009.32,1.48,0,0.07
2014-09-05T12:14:00-00:00,-93.356732,44.556115,Minnetonka,0.191,28.55,0.44,9.32,1009.32,1.63,0,0.07
2014-09-05T12:14:00-00:00,-93.356681,44.556179,Minnetonka,0.192,28.79,0.65,9.32,1009.32,1.31,0,0.07
2014-09-05T12:14:00-00:00,-93.356632,44.556245,Minnetonka,0.187,28.42,0.48,9.32,1009.32,1.27,0,0.07
2014-09-05T12:14:00-00:00,-93.348669,44.555446,Minnetonka,0.192,28.26,0.62,9.33,1009.33,1.93,0,0.07
2014-09-05T12:14:00-00:00,-93.356544,44.556386,Minnetonka,0.162,28.4,1.21,9.33,1009.33,1.18,0,0.07
2014-09-05T12:14:00-00:00,-93.356495,44.55645,Minnetonka,0.187,28.35,0.59,9.32,1009.32,1.12,0,0.07
2014-09-05T12:14:00-00:00,-93.356445,44.556514,Minnetonka,0.185,28.81,0.74,9.32,1009.32,1.15,0,0.07
2014-09-05T12:14:00-00:00,-93.356399,44.556578,Minnetonka,0.196,28.42,0.35,9.32,1009.32,1.09,0,0.07
2014-09-05T12:14:00-00:00,-93.356352,44.556647,Minnetonka,0.179,28.19,0.74,9.33,1009.33,1.04,0,0.07
2014-09-05T12:14:00-00:00,-93.356309,44.556713,Minnetonka,0.178,28.72,0.85,9.32,1009.32,1.05,0,0.07
2014-09-05T12:14:00-00:00,-93.356266,44.55678,Minnetonka,0.167,28.36,1.11,9.33,1009.33,1.01,0,0.07
2014-09-05T12:14:00-00:00,-93.35622,44.556847,Minnetonka,0.155,28.27,1.43,9.33,1009.33,1.07,0,0.07
2014-09-05T12:14:00-00:00,-93.356178,44.556914,Minnetonka,0.152,28.35,1.53,9.33,1009.33,1.15,0,0.07
2014-09-05T12:14:00-00:00,-93.356135,44.55698,Minnetonka,0.152,28.39,1.52,9.33,1009.33,1.01,0,0.07
2014-09-05T12:14:00-00:00,-93.356086,44.557048,Minnetonka,0.151,28.36,1.5,9.33,1009.33,0.91,0,0.07
2014-09-05T12:14:00-00:00,-93.35602,44.557104,Minnetonka,0.178,28.29,0.95,9.33,1009.33,1.01,0,0.07
2014-09-05T12:14:00-00:00,-93.355949,44.557158,Minnetonka,0.167,28.17,1.1,9.33,1009.33,0.93,0,0.07
2014-09-05T12:14:00-00:00,-93.34673,44.552023,Minnetonka,0.22,27.83,9.55,9.31,1009.31,4.4,0,0.12
2014-09-05T12:14:00-00:00,-93.347358,44.552903,Minnetonka,0.261,27.16,8.67,9.28,1009.28,0.95,0,0.12
2014-09-05T12:14:00-00:00,-93.347324,44.552785,Minnetonka,0.258,26.56,8.82,9.3,1009.3,1.39,0,0.12
2014-09-05T12:14:00-00:00,-93.347294,44.552674,Minnetonka,0.263,27.02,8.62,9.29,1009.29,1.07,0,0.11
2014-09-05T12:14:00-00:00,-93.347223,44.552565,Minnetonka,0.264,25.51,8.63,9.32,1009.32,1.82,0,0.12
2014-09-05T12:14:00-00:00,-93.347134,44.552458,Minnetonka,0.258,26.6,8.62,9.3,1009.3,2.17,0,0.12
2014-09-05T12:14:00-00:00,-93.347033,44.55235,Minnetonka,0.263,26.96,8.63,9.29,1009.29,2.97,0,0.12
2014-09-05T12:14:00-00:00,-93.346947,44.552257,Minnetonka,0.265,27.37,8.43,9.27,1009.27,3.25,0,0.12
2014-09-05T12:14:00-00:00,-93.346883,44.552201,Minnetonka,0.279,27.1,8.38,9.27,1009.27,2.28,0,0.12
2014-09-05T12:14:00-00:00,-93.346842,44.552159,Minnetonka,0.284,27.32,8.15,9.25,1009.25,4.33,0,0.12
2014-09-05T12:14:00-00:00,-93.346812,44.552126,Minnetonka,0.242,27.36,8.85,9.29,1009.29,4.37,0,0.12
2014-09-05T12:14:00-00:00,-93.346788,44.5521,Minnetonka,0.272,27.54,8.07,9.24,1009.24,4.38,0,0.12
2014-09-05T12:14:00-00:00,-93.346768,44.552078,Minnetonka,0.294,27.51,8.57,9.27,1009.27,4.39,0,0.12
2014-09-05T12:14:00-00:00,-93.346753,44.552056,Minnetonka,0.267,27.19,7.93,9.24,1009.24,4.39,0,0.12
2014-09-05T12:14:00-00:00,-93.346739,44.55204,Minnetonka,0.23,27.46,9.17,9.3,1009.3,4.39,0,0.12
2014-09-05T12:14:00-00:00,-93.347404,44.553009,Minnetonka,0.272,27.35,8.64,9.28,1009.28,1.07,0,0.12
2014-09-05T12:14:00-00:00,-93.34672,44.55201,Minnetonka,0.271,27.26,6.03,9.06,1009.06,4.4,0,0.12
2014-09-05T12:14:00-00:00,-93.346705,44.551995,Minnetonka,0.244,27.69,7.87,9.22,1009.22,4.4,0,0.12
2014-09-05T12:14:00-00:00,-93.346696,44.551985,Minnetonka,0.267,27.19,8.08,9.25,1009.25,4.39,0,0.12
2014-09-05T12:14:00-00:00,-93.346681,44.551978,Minnetonka,0.264,27.14,8.15,9.26,1009.26,4.4,0,0.12
2014-09-05T12:14:00-00:00,-93.346682,44.551974,Minnetonka,0.336,27.69,7.77,9.21,1009.21,4.39,0,0.12
2014-09-05T12:14:00-00:00,-93.346679,44.551961,Minnetonka,0.253,27.11,8.55,9.28,1009.28,4.4,0,0.12
2014-09-05T12:14:00-00:00,-93.346667,44.551943,Minnetonka,0.263,27.79,8.18,9.23,1009.23,4.4,0,0.12
2014-09-05T12:14:00-00:00,-93.346662,44.551921,Minnetonka,0.265,27.78,8.35,9.25,1009.25,4.4,0,0.12
2014-09-05T12:14:00-00:00,-93.346658,44.551905,Minnetonka,0.276,27.88,7.72,9.2,1009.2,4.4,0,0.12
2014-09-05T12:14:00-00:00,-93.346644,44.551887,Minnetonka,0.253,27.85,8.51,9.25,1009.25,4.4,0,0.12
2014-09-05T12:14:00-00:00,-93.346655,44.551878,Minnetonka,0.272,27.73,7.76,9.21,1009.21,4.4,0,0.12
2014-09-05T12:14:00-00:00,-93.346655,44.551869,Minnetonka,0.281,27.64,7.51,9.19,1009.19,4.4,0,0.12
2014-09-05T12:14:00-00:00,-93.346655,44.551869,Minnetonka,0.271,27.33,7.99,9.24,1009.24,0.15,0,0.24
2014-09-05T12:14:00-00:00,-93.348008,44.554405,Minnetonka,0.183,27.47,0.59,9.33,1009.33,1.07,0,0.07
2014-09-05T12:14:00-00:00,-93.348606,44.555378,Minnetonka,0.184,28.14,0.58,9.33,1009.33,1.83,0,0.07
2014-09-05T12:14:00-00:00,-93.348552,44.555305,Minnetonka,0.186,27.94,0.57,9.33,1009.33,1.79,0,0.07
2014-09-05T12:14:00-00:00,-93.348526,44.555234,Minnetonka,0.202,27.91,0.63,9.33,1009.33,1.66,0,0.07
2014-09-05T12:14:00-00:00,-93.348471,44.555163,Minnetonka,0.18,27.91,0.73,9.33,1009.33,1.54,0,0.07
2014-09-05T12:14:00-00:00,-93.348414,44.555089,Minnetonka,0.167,28.43,1.07,9.33,1009.33,1.46,0,0.07
2014-09-05T12:14:00-00:00,-93.348366,44.555015,Minnetonka,0.2,27.99,0.39,9.32,1009.32,1.38,0,0.07
2014-09-05T12:14:00-00:00,-93.348314,44.55494,Minnetonka,0.19,27.76,0.91,9.33,1009.33,1.31,0,0.07
2014-09-05T12:14:00-00:00,-93.34827,44.554865,Minnetonka,0.173,27.48,0.86,9.33,1009.33,1.27,0,0.07
2014-09-05T12:14:00-00:00,-93.348224,44.55479,Minnetonka,0.174,27.66,0.97,9.33,1009.33,1.26,0,0.07
2014-09-05T12:14:00-00:00,-93.348181,44.554715,Minnetonka,0.182,27.76,0.69,9.33,1009.33,1.14,0,0.07
2014-09-05T12:14:00-00:00,-93.348138,44.554638,Minnetonka,0.165,27.67,1.11,9.33,1009.33,1.16,0,0.07
2014-09-05T12:14:00-00:00,-93.348096,44.554561,Minnetonka,0.154,27.11,1.35,9.32,1009.32,1.15,0,0.07
2014-09-05T12:14:00-00:00,-93.348052,44.554485,Minnetonka,0.152,27.65,1.45,9.32,1009.32,1.09,0,0.07
2014-09-05T12:14:00-00:00,-93.357401,44.55527,Minnetonka,0.267,29.12,8.54,9.21,1009.21,4.36,0,0.12
2014-09-05T12:14:00-00:00,-93.347954,44.554315,Minnetonka,0.157,27.54,1.27,9.32,1009.32,1,0,0.07
2014-09-05T12:14:00-00:00,-93.347902,44.554219,Minnetonka,0.181,27.55,0.74,9.33,1009.33,1.01,0,0.07
2014-09-05T12:14:00-00:00,-93.34785,44.554122,Minnetonka,0.167,27.4,1.03,9.33,1009.33,1.09,0,0.07
2014-09-05T12:14:00-00:00,-93.347806,44.554025,Minnetonka,0.155,26.7,1.36,9.31,1009.31,1.05,0,0.07
2014-09-05T12:14:00-00:00,-93.347764,44.553918,Minnetonka,0.153,26.32,1.52,9.29,1009.29,1.05,0,0.07
2014-09-05T12:14:00-00:00,-93.347723,44.553814,Minnetonka,0.149,26.62,1.53,9.3,1009.3,1.1,0,0.07
2014-09-05T12:14:00-00:00,-93.347684,44.553715,Minnetonka,0.15,27.58,1.52,9.32,1009.32,0.98,0,0.07
2014-09-05T12:14:00-00:00,-93.34765,44.553615,Minnetonka,0.149,27.2,1.54,9.31,1009.31,0.9,0,0.07
2014-09-05T12:14:00-00:00,-93.347613,44.553512,Minnetonka,0.257,27.46,8.72,9.28,1009.28,2.66,0,0.12
2014-09-05T12:14:00-00:00,-93.347568,44.553414,Minnetonka,0.273,27.24,8.41,9.27,1009.27,1.69,0,0.12
2014-09-05T12:14:00-00:00,-93.347526,44.553314,Minnetonka,0.266,26.11,6.6,9.18,1009.18,1.22,0,0.12
2014-09-05T12:14:00-00:00,-93.347485,44.553215,Minnetonka,0.274,27.22,8.4,9.27,1009.27,0.95,0,0.12
2014-09-05T12:14:00-00:00,-93.347446,44.553109,Minnetonka,0.269,27.09,8.56,9.28,1009.28,1.31,0,0.12
2014-09-05T12:14:00-00:00,-93.383543,44.540953,Minnetonka,0.343,31.46,6.37,8.84,1008.84,4.23,0,0.15
2014-09-05T12:14:00-00:00,-93.384847,44.536151,Minnetonka,0.283,32.01,7.88,9,1009,4.28,0,0.15
2014-09-05T12:14:00-00:00,-93.384798,44.536505,Minnetonka,0.287,31.94,7.64,8.98,1008.98,4.28,0,0.15
2014-09-05T12:14:00-00:00,-93.384729,44.536856,Minnetonka,0.299,32.09,7.45,8.94,1008.94,4.27,0,0.15
2014-09-05T12:14:00-00:00,-93.384688,44.537206,Minnetonka,0.316,32.11,7.16,8.91,1008.91,4.26,0,0.15
2014-09-05T12:14:00-00:00,-93.384666,44.537554,Minnetonka,0.324,31.99,6.65,8.84,1008.84,4.26,0,0.15
2014-09-05T12:14:00-00:00,-93.38465,44.53791,Minnetonka,0.323,31.91,6.89,8.88,1008.88,4.25,0,0.15
2014-09-05T12:14:00-00:00,-93.384646,44.538267,Minnetonka,0.329,32.41,6.84,8.84,1008.84,4.25,0,0.15
2014-09-05T12:14:00-00:00,-93.384636,44.538622,Minnetonka,0.313,30.45,6.84,8.97,1008.97,4.25,0,0.15
2014-09-05T12:14:00-00:00,-93.384581,44.538972,Minnetonka,0.312,31.69,7.17,8.93,1008.93,4.25,0,0.15
2014-09-05T12:14:00-00:00,-93.384475,44.539315,Minnetonka,0.32,31.67,7.25,8.94,1008.94,4.24,0,0.15
2014-09-05T12:14:00-00:00,-93.384327,44.539644,Minnetonka,0.327,31.02,6.84,8.93,1008.93,4.24,0,0.15
2014-09-05T12:14:00-00:00,-93.384149,44.539978,Minnetonka,0.339,31.41,6.49,8.86,1008.86,4.24,0,0.15
2014-09-05T12:14:00-00:00,-93.383953,44.540305,Minnetonka,0.34,30.64,6.56,8.92,1008.92,4.24,0,0.15
2014-09-05T12:14:00-00:00,-93.383768,44.540635,Minnetonka,0.358,31.26,6.09,8.81,1008.81,4.22,0,0.15
2014-09-05T12:14:00-00:00,-93.384876,44.535797,Minnetonka,0.283,32.22,7.57,8.95,1008.95,4.28,0,0.15
2014-09-05T12:14:00-00:00,-93.383275,44.541254,Minnetonka,0.332,31.31,6.8,8.91,1008.91,4.24,0,0.15
2014-09-05T12:14:00-00:00,-93.382978,44.541541,Minnetonka,0.312,31.36,7.11,8.95,1008.95,4.25,0,0.15
2014-09-05T12:14:00-00:00,-93.382659,44.541814,Minnetonka,0.311,31.48,7.37,8.97,1008.97,4.25,0,0.15
2014-09-05T12:14:00-00:00,-93.382363,44.542103,Minnetonka,0.318,31.22,7.01,8.94,1008.94,4.25,0,0.15
2014-09-05T12:14:00-00:00,-93.382076,44.542396,Minnetonka,0.323,31.57,7.03,8.92,1008.92,4.24,0,0.15
2014-09-05T12:14:00-00:00,-93.381798,44.542695,Minnetonka,0.307,31.63,7.16,8.94,1008.94,4.26,0,0.15
2014-09-05T12:14:00-00:00,-93.381516,44.542993,Minnetonka,0.291,30.91,7.68,9.04,1009.04,4.26,0,0.15
2014-09-05T12:14:00-00:00,-93.381218,44.543279,Minnetonka,0.314,31.41,7.2,8.95,1008.95,4.23,0,0.15
2014-09-05T12:14:00-00:00,-93.380929,44.543569,Minnetonka,0.268,31.47,8.29,9.08,1009.08,4.28,0,0.15
2014-09-05T12:14:00-00:00,-93.380659,44.543868,Minnetonka,0.305,31.56,7.51,8.98,1008.98,4.23,0,0.14
2014-09-05T12:14:00-00:00,-93.380388,44.544164,Minnetonka,0.291,31.01,7.77,9.05,1009.05,4.23,0,0.15
2014-09-05T12:14:00-00:00,-93.380116,44.544464,Minnetonka,0.281,30.95,8.21,9.1,1009.1,4.2,0,0.15
2014-09-05T12:14:00-00:00,-93.379842,44.544762,Minnetonka,0.292,30.93,7.74,9.05,1009.05,4.2,0,0.15
2014-09-05T12:14:00-00:00,-93.386782,44.534169,Minnetonka,0.31,31.49,7.14,8.94,1008.94,4.27,0,0.15
2014-09-05T12:14:00-00:00,-93.393094,44.536613,Minnetonka,0.316,29.81,6.69,8.99,1008.99,1.88,0,0.15
2014-09-05T12:14:00-00:00,-93.392579,44.536528,Minnetonka,0.319,30.11,6.46,8.94,1008.94,3.8,0,0.15
2014-09-05T12:14:00-00:00,-93.392009,44.536435,Minnetonka,0.32,30.54,6.4,8.9,1008.9,4.21,0,0.15
2014-09-05T12:14:00-00:00,-93.391443,44.536322,Minnetonka,0.327,30.39,6.3,8.9,1008.9,4.12,0,0.15
2014-09-05T12:14:00-00:00,-93.390891,44.536187,Minnetonka,0.328,31.25,6.24,8.83,1008.83,3.58,0,0.15
2014-09-05T12:14:00-00:00,-93.390343,44.536044,Minnetonka,0.332,29.97,5.93,8.88,1008.88,4.22,0,0.15
2014-09-05T12:14:00-00:00,-93.389816,44.535899,Minnetonka,0.329,31.3,6.1,8.81,1008.81,4.25,0,0.15
2014-09-05T12:14:00-00:00,-93.389325,44.535715,Minnetonka,0.316,26.17,6.68,9.18,1009.18,4.26,0,0.15
2014-09-05T12:14:00-00:00,-93.388864,44.535489,Minnetonka,0.376,28.95,3.36,8.53,1008.53,4.26,0,0.15
2014-09-05T12:14:00-00:00,-93.388423,44.53524,Minnetonka,0.304,31.15,7.03,8.95,1008.95,4.26,0,0.15
2014-09-05T12:14:00-00:00,-93.387996,44.534982,Minnetonka,0.305,29.59,7.03,9.04,1009.04,4.26,0,0.15
2014-09-05T12:14:00-00:00,-93.387575,44.534721,Minnetonka,0.3,30.01,6.96,9.01,1009.01,4.26,0,0.15
2014-09-05T12:14:00-00:00,-93.387164,44.534453,Minnetonka,0.303,31.18,7.12,8.96,1008.96,4.27,0,0.15
2014-09-05T12:14:00-00:00,-93.379592,44.545074,Minnetonka,0.284,30.84,8.16,9.1,1009.1,4.23,0,0.15
2014-09-05T12:14:00-00:00,-93.386397,44.533879,Minnetonka,0.304,31.18,7.17,8.96,1008.96,4.26,0,0.15
2014-09-05T12:14:00-00:00,-93.38603,44.533584,Minnetonka,0.303,31.23,7.16,8.96,1008.96,4.26,0,0.15
2014-09-05T12:14:00-00:00,-93.385668,44.533282,Minnetonka,0.309,31.05,7.36,9,1009,4.26,0,0.15
2014-09-05T12:14:00-00:00,-93.385217,44.533077,Minnetonka,0.301,30.91,7.48,9.02,1009.02,4.27,0,0.15
2014-09-05T12:14:00-00:00,-93.384738,44.53311,Minnetonka,0.296,30.74,7.49,9.03,1009.03,4.27,0,0.15
2014-09-05T12:14:00-00:00,-93.38449,44.533296,Minnetonka,0.297,30.85,7.6,9.03,1009.03,4.27,0,0.15
2014-09-05T12:14:00-00:00,-93.384507,44.533523,Minnetonka,0.305,31.25,7.43,8.99,1008.99,4.25,0,0.15
2014-09-05T12:14:00-00:00,-93.384621,44.533762,Minnetonka,0.297,31.36,7.51,8.99,1008.99,4.27,0,0.15
2014-09-05T12:14:00-00:00,-93.384756,44.534047,Minnetonka,0.286,31.09,7.73,9.04,1009.04,4.27,0,0.15
2014-09-05T12:14:00-00:00,-93.384874,44.534367,Minnetonka,0.287,31.27,7.76,9.03,1009.03,4.27,0,0.15
2014-09-05T12:14:00-00:00,-93.38492,44.534719,Minnetonka,0.287,31.53,7.7,9.01,1009.01,4.28,0,0.15
2014-09-05T12:14:00-00:00,-93.384902,44.535079,Minnetonka,0.285,31.84,7.69,8.99,1008.99,4.28,0,0.15
2014-09-05T12:14:00-00:00,-93.384882,44.535439,Minnetonka,0.284,32.12,7.74,8.98,1008.98,4.28,0,0.15
2014-09-05T12:14:00-00:00,-93.361519,44.552525,Minnetonka,0.298,25.42,7.85,9.29,1009.29,4.33,0,0.13
2014-09-05T12:14:00-00:00,-93.367388,44.549707,Minnetonka,0.314,25.74,7.64,9.27,1009.27,4.35,0,0.13
2014-09-05T12:14:00-00:00,-93.366972,44.549907,Minnetonka,0.32,26.91,7.53,9.22,1009.22,4.34,0,0.13
2014-09-05T12:14:00-00:00,-93.366562,44.550102,Minnetonka,0.308,26.41,7.58,9.24,1009.24,4.36,0,0.13
2014-09-05T12:14:00-00:00,-93.366158,44.550309,Minnetonka,0.293,25,7.98,9.31,1009.31,4.36,0,0.13
2014-09-05T12:14:00-00:00,-93.365806,44.550525,Minnetonka,0.283,25.09,8.36,9.32,1009.32,4.37,0,0.13
2014-09-05T12:14:00-00:00,-93.365429,44.550757,Minnetonka,0.287,25.66,8.23,9.3,1009.3,4.36,0,0.13
2014-09-05T12:14:00-00:00,-93.365008,44.550956,Minnetonka,0.284,27.4,8.33,9.26,1009.26,4.36,0,0.13
2014-09-05T12:14:00-00:00,-93.364577,44.551153,Minnetonka,0.3,28.2,7.91,9.2,1009.2,4.37,0,0.13
2014-09-05T12:14:00-00:00,-93.364142,44.551352,Minnetonka,0.294,28.78,7.84,9.17,1009.17,4.37,0,0.13
2014-09-05T12:14:00-00:00,-93.363702,44.551542,Minnetonka,0.281,28.14,8.12,9.22,1009.22,4.38,0,0.13
2014-09-05T12:14:00-00:00,-93.363256,44.551732,Minnetonka,0.287,26.53,8.07,9.27,1009.27,4.36,0,0.13
2014-09-05T12:14:00-00:00,-93.362822,44.551926,Minnetonka,0.279,27.08,7.98,9.25,1009.25,4.36,0,0.12
2014-09-05T12:14:00-00:00,-93.362385,44.552123,Minnetonka,0.292,27.17,7.84,9.23,1009.23,4.35,0,0.13
2014-09-05T12:14:00-00:00,-93.361955,44.552325,Minnetonka,0.284,26.16,8.1,9.28,1009.28,4.32,0,0.12
2014-09-05T12:14:00-00:00,-93.367814,44.549519,Minnetonka,0.31,25.21,7.53,9.28,1009.28,4.35,0,0.13
2014-09-05T12:14:00-00:00,-93.361077,44.552726,Minnetonka,0.296,26.48,7.93,9.26,1009.26,4.33,0,0.12
2014-09-05T12:14:00-00:00,-93.360641,44.552922,Minnetonka,0.259,26.85,8.64,9.29,1009.29,4.36,0,0.13
2014-09-05T12:14:00-00:00,-93.360216,44.553125,Minnetonka,0.252,26.35,9.01,9.31,1009.31,4.38,0,0.12
2014-09-05T12:14:00-00:00,-93.359807,44.553347,Minnetonka,0.24,26.14,9.09,9.32,1009.32,4.39,0,0.12
2014-09-05T12:14:00-00:00,-93.359418,44.553592,Minnetonka,0.269,26.25,8.52,9.3,1009.3,4.37,0,0.12
2014-09-05T12:14:00-00:00,-93.359035,44.553837,Minnetonka,0.276,26.78,8.52,9.29,1009.29,4.38,0,0.12
2014-09-05T12:14:00-00:00,-93.358688,44.554049,Minnetonka,0.265,28.01,8.53,9.25,1009.25,4.38,0,0.12
2014-09-05T12:14:00-00:00,-93.358393,44.554255,Minnetonka,0.275,28.81,8.38,9.21,1009.21,4.38,0,0.12
2014-09-05T12:14:00-00:00,-93.358175,44.554453,Minnetonka,0.262,28.79,8.51,9.22,1009.22,4.38,0,0.12
2014-09-05T12:14:00-00:00,-93.357973,44.554645,Minnetonka,0.262,23.9,8.73,9.33,1009.33,4.37,0,0.12
2014-09-05T12:14:00-00:00,-93.357781,44.554827,Minnetonka,0.284,28.52,8.19,9.21,1009.21,4.35,0,0.12
2014-09-05T12:14:00-00:00,-93.357621,44.554997,Minnetonka,0.285,28.45,8.4,9.23,1009.23,4.37,0,0.12
2014-09-05T12:14:00-00:00,-93.357505,44.555139,Minnetonka,0.276,28.42,8.36,9.22,1009.22,4.36,0,0.12
2014-09-05T12:14:00-00:00,-93.37442,44.547938,Minnetonka,0.251,28.53,8.87,9.25,1009.25,4.39,0,0.14
2014-09-05T12:14:00-00:00,-93.37936,44.545392,Minnetonka,0.29,31.06,7.91,9.06,1009.06,4.22,0,0.15
2014-09-05T12:14:00-00:00,-93.379157,44.545717,Minnetonka,0.283,31.47,8,9.05,1009.05,4.21,0,0.15
2014-09-05T12:14:00-00:00,-93.378963,44.546046,Minnetonka,0.269,31.23,8.18,9.08,1009.08,4.25,0,0.15
2014-09-05T12:14:00-00:00,-93.378776,44.546373,Minnetonka,0.25,31.22,8.81,9.14,1009.14,4.28,0,0.14
2014-09-05T12:14:00-00:00,-93.378552,44.546693,Minnetonka,0.294,31.41,7.89,9.04,1009.04,4.24,0,0.14
2014-09-05T12:14:00-00:00,-93.378203,44.546924,Minnetonka,0.295,31.46,7.69,9.01,1009.01,4.22,0,0.14
2014-09-05T12:14:00-00:00,-93.377708,44.546997,Minnetonka,0.277,31.05,8.09,9.08,1009.08,4.23,0,0.14
2014-09-05T12:14:00-00:00,-93.377212,44.547072,Minnetonka,0.268,31.62,8.51,9.09,1009.09,4.23,0,0.14
2014-09-05T12:14:00-00:00,-93.376729,44.547178,Minnetonka,0.305,31.49,7.42,8.98,1008.98,4.26,0,0.14
2014-09-05T12:14:00-00:00,-93.376268,44.547322,Minnetonka,0.299,31.11,7.59,9.02,1009.02,4.29,0,0.14
2014-09-05T12:14:00-00:00,-93.375803,44.547475,Minnetonka,0.295,30.71,7.88,9.07,1009.07,4.29,0,0.14
2014-09-05T12:14:00-00:00,-93.375345,44.547631,Minnetonka,0.283,31.11,8.11,9.08,1009.08,4.3,0,0.14
2014-09-05T12:14:00-00:00,-93.374885,44.547782,Minnetonka,0.278,30.42,8.21,9.12,1009.12,4.35,0,0.14
2014-09-05T12:14:00-00:00,-93.419108,44.549829,Minnetonka,1.273,30.6,2.35,1.11,1001.11,1.44,0,0.32
2014-09-05T12:14:00-00:00,-93.373953,44.548089,Minnetonka,0.236,30.34,9.16,9.21,1009.21,4.4,0,0.14
2014-09-05T12:14:00-00:00,-93.373477,44.548208,Minnetonka,0.24,30.15,9.21,9.22,1009.22,4.41,0,0.13
2014-09-05T12:14:00-00:00,-93.372982,44.548294,Minnetonka,0.207,30.2,9.96,9.26,1009.26,4.43,0,0.13
2014-09-05T12:14:00-00:00,-93.372485,44.54836,Minnetonka,0.211,30.11,9.85,9.26,1009.26,4.45,0,0.13
2014-09-05T12:14:00-00:00,-93.371987,44.548414,Minnetonka,0.191,30.09,0.43,9.29,1009.29,4.48,0,0.13
2014-09-05T12:14:00-00:00,-93.371495,44.548466,Minnetonka,0.226,29.83,9.54,9.25,1009.25,4.43,0,0.13
2014-09-05T12:14:00-00:00,-93.371005,44.548531,Minnetonka,0.266,28.52,8.68,9.24,1009.24,4.36,0,0.13
2014-09-05T12:14:00-00:00,-93.370517,44.548609,Minnetonka,0.246,29.92,9.02,9.21,1009.21,4.35,0,0.13
2014-09-05T12:14:00-00:00,-93.370057,44.548731,Minnetonka,0.277,29.02,8.43,9.21,1009.21,4.35,0,0.13
2014-09-05T12:14:00-00:00,-93.369609,44.548883,Minnetonka,0.298,28.71,7.7,9.16,1009.16,4.35,0,0.13
2014-09-05T12:14:00-00:00,-93.369167,44.549048,Minnetonka,0.293,28.39,7.91,9.19,1009.19,4.35,0,0.13
2014-09-05T12:14:00-00:00,-93.368718,44.549205,Minnetonka,0.287,27.95,7.89,9.21,1009.21,4.35,0,0.13
2014-09-05T12:14:00-00:00,-93.368261,44.54936,Minnetonka,0.294,26.28,8.09,9.28,1009.28,4.36,0,0.13
2014-09-05T12:14:00-00:00,-93.357253,44.55476,Minnetonka,0.257,27.93,8.16,9.23,1009.23,4.29,0,0.13
2014-09-05T12:14:00-00:00,-93.357378,44.554796,Minnetonka,0.158,27.57,0.58,9.33,1009.33,0.58,0,0.06
2014-09-05T12:14:00-00:00,-93.357368,44.554793,Minnetonka,0.264,28.18,7.92,9.2,1009.2,2.48,0,0.11
2014-09-05T12:14:00-00:00,-93.357355,44.554789,Minnetonka,0.258,28.16,8.04,9.21,1009.21,3.28,0,0.12
2014-09-05T12:14:00-00:00,-93.357338,44.554785,Minnetonka,0.259,27.92,7.91,9.21,1009.21,2.43,0,0.12
2014-09-05T12:14:00-00:00,-93.357331,44.554784,Minnetonka,0.262,28.18,7.93,9.2,1009.2,3.48,0,0.12
2014-09-05T12:14:00-00:00,-93.357324,44.554784,Minnetonka,0.26,27.69,8.03,9.23,1009.23,3.41,0,0.12
2014-09-05T12:14:00-00:00,-93.357311,44.554778,Minnetonka,0.259,26.8,8,9.26,1009.26,2.19,0,0.12
2014-09-05T12:14:00-00:00,-93.357298,44.554774,Minnetonka,0.26,27.94,8.11,9.22,1009.22,3.3,0,0.12
2014-09-05T12:14:00-00:00,-93.357286,44.554768,Minnetonka,0.266,28.26,7.93,9.2,1009.2,4,0,0.12
2014-09-05T12:14:00-00:00,-93.357278,44.554767,Minnetonka,0.263,27.96,8,9.22,1009.22,3.79,0,0.12
2014-09-05T12:14:00-00:00,-93.357267,44.554766,Minnetonka,0.257,28.08,8.05,9.21,1009.21,3.69,0,0.12
2014-09-05T12:14:00-00:00,-93.357259,44.554766,Minnetonka,0.262,27.93,7.95,9.21,1009.21,2.99,0,0.13
2014-09-05T12:14:00-00:00,-93.357257,44.554762,Minnetonka,0.261,28.09,8.08,9.22,1009.22,4.06,0,0.13
2014-09-05T12:14:00-00:00,-93.357256,44.554763,Minnetonka,0.259,27.45,8.05,9.24,1009.24,4.3,0,0.13
2014-09-05T12:14:00-00:00,-93.357387,44.554799,Minnetonka,0.164,27.87,0.46,9.33,1009.33,0.41,0,0.07
2014-09-05T12:14:00-00:00,-93.357248,44.554758,Minnetonka,0.257,27.87,7.99,9.22,1009.22,4.33,0,0.13
2014-09-05T12:14:00-00:00,-93.357242,44.554757,Minnetonka,0.193,27.37,9.94,9.32,1009.32,1.24,0,0.08
2014-09-05T12:14:00-00:00,-93.357239,44.554759,Minnetonka,0.185,27.48,9.2,9.3,1009.3,0.32,0,0.12
2014-09-05T12:14:00-00:00,-93.357232,44.554751,Minnetonka,0.25,27.89,8.44,9.25,1009.25,1.49,0,0.13
2014-09-05T12:14:00-00:00,-93.357223,44.554734,Minnetonka,0.267,28.03,7.85,9.2,1009.2,2.74,0,0.13
2014-09-05T12:14:00-00:00,-93.357219,44.554733,Minnetonka,0.266,27.99,7.84,9.2,1009.2,1.99,0,0.13
2014-09-05T12:14:00-00:00,-93.35721,44.55473,Minnetonka,0.259,28.06,7.9,9.2,1009.2,3.62,0,0.13
2014-09-05T12:14:00-00:00,-93.357202,44.554725,Minnetonka,0.261,27.44,7.88,9.23,1009.23,3.61,0,0.13
2014-09-05T12:14:00-00:00,-93.357191,44.554719,Minnetonka,0.26,26.69,8.02,9.26,1009.26,3.57,0,0.13
2014-09-05T12:14:00-00:00,-93.357187,44.554716,Minnetonka,0.26,26.57,7.94,9.26,1009.26,3.1,0,0.13
2014-09-05T12:14:00-00:00,-93.357179,44.554711,Minnetonka,0.257,26.4,7.94,9.27,1009.27,3.54,0,0.12
2014-09-05T12:14:00-00:00,-93.357177,44.554703,Minnetonka,0.263,27.83,7.9,9.21,1009.21,1.48,0,0.12
2014-09-05T12:14:00-00:00,-93.357172,44.554689,Minnetonka,0.264,27.9,8.01,9.22,1009.22,3.73,0,0.12
2014-09-05T12:14:00-00:00,-93.357537,44.554835,Minnetonka,0.143,27.2,1.07,9.32,1009.32,0.48,0,0.06
2014-09-05T12:14:00-00:00,-93.35767,44.554915,Minnetonka,0.164,26.67,0.67,9.32,1009.32,1.06,0,0.06
2014-09-05T12:14:00-00:00,-93.357661,44.554909,Minnetonka,0.153,26.72,0.92,9.32,1009.32,0.59,0,0.06
2014-09-05T12:14:00-00:00,-93.357651,44.554901,Minnetonka,0.176,26.88,0.28,9.33,1009.33,0.93,0,0.06
2014-09-05T12:14:00-00:00,-93.35766,44.554898,Minnetonka,0.179,26.46,0.21,9.33,1009.33,0.62,0,0.07
2014-09-05T12:14:00-00:00,-93.357652,44.554889,Minnetonka,0.194,26.99,0.28,9.33,1009.33,0.53,0,0.06
2014-09-05T12:14:00-00:00,-93.357641,44.554882,Minnetonka,0.17,27,0.48,9.33,1009.33,0.54,0,0.06
2014-09-05T12:14:00-00:00,-93.357609,44.55487,Minnetonka,0.162,26.85,0.63,9.33,1009.33,0.54,0,0.07
2014-09-05T12:14:00-00:00,-93.357601,44.554865,Minnetonka,0.155,26.72,0.81,9.32,1009.32,0.44,0,0.06
2014-09-05T12:14:00-00:00,-93.357597,44.554862,Minnetonka,0.177,26.8,0.25,9.33,1009.33,0.52,0,0.07
2014-09-05T12:14:00-00:00,-93.357587,44.554855,Minnetonka,0.164,27.23,0.57,9.33,1009.33,0.43,0,0.06
2014-09-05T12:14:00-00:00,-93.357574,44.554847,Minnetonka,0.154,26.71,0.81,9.32,1009.32,0.47,0,0.07
2014-09-05T12:14:00-00:00,-93.357563,44.554842,Minnetonka,0.149,27.2,0.95,9.32,1009.32,0.41,0,0.06
2014-09-05T12:14:00-00:00,-93.357557,44.55484,Minnetonka,0.144,26.79,1.05,9.32,1009.32,0.41,0,0.06
2014-09-05T12:14:00-00:00,-93.357547,44.554837,Minnetonka,0.143,27.24,1.07,9.32,1009.32,0.48,0,0.06
2014-09-05T12:14:00-00:00,-93.357162,44.554683,Minnetonka,0.264,28.07,7.96,9.21,1009.21,1.62,0,0.12
2014-09-05T12:14:00-00:00,-93.357527,44.554831,Minnetonka,0.143,27.31,1.04,9.32,1009.32,0.56,0,0.07
2014-09-05T12:14:00-00:00,-93.357516,44.554828,Minnetonka,0.143,27.28,1.07,9.32,1009.32,0.4,0,0.06
2014-09-05T12:14:00-00:00,-93.357505,44.554825,Minnetonka,0.168,27.22,0.47,9.33,1009.33,0.49,0,0.07
2014-09-05T12:14:00-00:00,-93.357495,44.554822,Minnetonka,0.156,27.3,0.69,9.33,1009.33,0.43,0,0.06
2014-09-05T12:14:00-00:00,-93.357486,44.554822,Minnetonka,0.153,27.02,0.7,9.33,1009.33,0.44,0,0.07
2014-09-05T12:14:00-00:00,-93.357474,44.55482,Minnetonka,0.147,27.45,0.9,9.33,1009.33,0.46,0,0.06
2014-09-05T12:14:00-00:00,-93.357461,44.554817,Minnetonka,0.145,27.78,0.96,9.33,1009.33,0.44,0,0.06
2014-09-05T12:14:00-00:00,-93.357449,44.554813,Minnetonka,0.144,27.69,0.97,9.33,1009.33,0.48,0,0.07
2014-09-05T12:14:00-00:00,-93.357439,44.554812,Minnetonka,0.17,28.08,0.27,9.32,1009.32,0.36,0,0.07
2014-09-05T12:14:00-00:00,-93.357428,44.55481,Minnetonka,0.151,27.55,0.8,9.33,1009.33,0.48,0,0.06
2014-09-05T12:14:00-00:00,-93.357415,44.554808,Minnetonka,0.147,28.12,0.91,9.33,1009.33,0.46,0,0.06
2014-09-05T12:14:00-00:00,-93.357403,44.554806,Minnetonka,0.145,28.36,0.94,9.33,1009.33,0.53,0,0.06
2014-09-05T12:14:00-00:00,-93.357392,44.554803,Minnetonka,0.187,27.4,9.66,9.32,1009.32,0.48,0,0.06
2014-09-05T12:14:00-00:00,-93.376263,44.552059,Minnetonka,0.252,26.77,8.28,9.28,1009.28,4.37,0,0.13
2014-09-05T12:14:00-00:00,-93.36883,44.551412,Minnetonka,0.273,31.18,7.28,8.98,1008.98,4.37,0,0.12
2014-09-05T12:14:00-00:00,-93.369369,44.55144,Minnetonka,0.276,31.41,7.39,8.98,1008.98,4.36,0,0.12
2014-09-05T12:14:00-00:00,-93.369903,44.551499,Minnetonka,0.285,31.44,7.25,8.96,1008.96,4.36,0,0.12
2014-09-05T12:14:00-00:00,-93.370429,44.551598,Minnetonka,0.267,31.21,7.72,9.03,1009.03,4.37,0,0.12
2014-09-05T12:14:00-00:00,-93.370955,44.551712,Minnetonka,0.249,31.07,7.96,9.06,1009.06,4.37,0,0.13
2014-09-05T12:14:00-00:00,-93.371478,44.551792,Minnetonka,0.247,30.66,8.21,9.11,1009.11,4.37,0,0.12
2014-09-05T12:14:00-00:00,-93.372012,44.55186,Minnetonka,0.26,30.92,7.84,9.06,1009.06,4.36,0,0.13
2014-09-05T12:14:00-00:00,-93.372539,44.551947,Minnetonka,0.26,29.53,7.75,9.12,1009.12,4.35,0,0.13
2014-09-05T12:14:00-00:00,-93.373059,44.552065,Minnetonka,0.243,29.86,8.2,9.15,1009.15,4.36,0,0.13
2014-09-05T12:14:00-00:00,-93.373582,44.552172,Minnetonka,0.252,30.41,8.17,9.12,1009.12,4.36,0,0.13
2014-09-05T12:14:00-00:00,-93.374114,44.552231,Minnetonka,0.258,29.77,8.01,9.14,1009.14,4.36,0,0.13
2014-09-05T12:14:00-00:00,-93.374653,44.552216,Minnetonka,0.258,29.44,8.2,9.17,1009.17,4.37,0,0.13
2014-09-05T12:14:00-00:00,-93.375192,44.552181,Minnetonka,0.258,28.5,8.17,9.21,1009.21,4.37,0,0.12
2014-09-05T12:14:00-00:00,-93.375728,44.552137,Minnetonka,0.272,28.24,7.83,9.19,1009.19,4.36,0,0.13
2014-09-05T12:14:00-00:00,-93.368284,44.551393,Minnetonka,0.281,31.08,7.22,8.98,1008.98,4.37,0,0.12
2014-09-05T12:14:00-00:00,-93.376783,44.551952,Minnetonka,0.254,29.23,8.23,9.18,1009.18,4.32,0,0.13
2014-09-05T12:14:00-00:00,-93.377286,44.551814,Minnetonka,0.258,29.33,8.22,9.17,1009.17,4.33,0,0.12
2014-09-05T12:14:00-00:00,-93.377773,44.551646,Minnetonka,0.259,29.26,8.15,9.17,1009.17,4.35,0,0.13
2014-09-05T12:14:00-00:00,-93.37826,44.55148,Minnetonka,0.252,28.11,8.14,9.22,1009.22,4.41,0,0.13
2014-09-05T12:14:00-00:00,-93.378763,44.551327,Minnetonka,0.223,29.69,8.97,9.22,1009.22,4.44,0,0.13
2014-09-05T12:14:00-00:00,-93.379277,44.5512,Minnetonka,0.236,29.68,8.73,9.2,1009.2,4.42,0,0.13
2014-09-05T12:14:00-00:00,-93.379798,44.551095,Minnetonka,0.252,29.19,8.31,9.19,1009.19,4.4,0,0.13
2014-09-05T12:14:00-00:00,-93.380322,44.550999,Minnetonka,0.232,29.32,8.71,9.21,1009.21,4.39,0,0.13
2014-09-05T12:14:00-00:00,-93.380847,44.550901,Minnetonka,0.226,29.21,9.04,9.24,1009.24,4.35,0,0.13
2014-09-05T12:14:00-00:00,-93.381371,44.550803,Minnetonka,0.225,29.14,8.97,9.24,1009.24,4.32,0,0.13
2014-09-05T12:14:00-00:00,-93.381896,44.550708,Minnetonka,0.237,25.98,8.88,9.32,1009.32,4.32,0,0.13
2014-09-05T12:14:00-00:00,-93.382428,44.550617,Minnetonka,0.248,29.09,8.44,9.2,1009.2,4.33,0,0.13
2014-09-05T12:14:00-00:00,-93.382963,44.550556,Minnetonka,0.265,29.33,8.07,9.16,1009.16,4.32,0,0.13
2014-09-05T12:14:00-00:00,-93.361162,44.552811,Minnetonka,0.249,31.28,7.76,9.03,1009.03,4.38,0,0.12
2014-09-05T12:14:00-00:00,-93.357152,44.554677,Minnetonka,0.265,28.14,7.85,9.2,1009.2,3.65,0,0.11
2014-09-05T12:14:00-00:00,-93.357142,44.554673,Minnetonka,0.265,28.03,7.78,9.2,1009.2,3.68,0,0.12
2014-09-05T12:14:00-00:00,-93.357151,44.554654,Minnetonka,0.27,26.02,7.65,9.26,1009.26,3.14,0,0.12
2014-09-05T12:14:00-00:00,-93.357236,44.554601,Minnetonka,0.268,29.15,7.65,9.13,1009.13,4.1,0,0.12
2014-09-05T12:14:00-00:00,-93.357395,44.554527,Minnetonka,0.264,28.5,7.75,9.17,1009.17,4.24,0,0.12
2014-09-05T12:14:00-00:00,-93.357657,44.554407,Minnetonka,0.254,28.57,8,9.19,1009.19,4.3,0,0.12
2014-09-05T12:14:00-00:00,-93.358006,44.554248,Minnetonka,0.258,28.11,7.95,9.21,1009.21,4.34,0,0.12
2014-09-05T12:14:00-00:00,-93.358444,44.554066,Minnetonka,0.271,29.48,7.69,9.12,1009.12,4.27,0,0.12
2014-09-05T12:14:00-00:00,-93.358928,44.553872,Minnetonka,0.271,30.76,7.57,9.04,1009.04,4.15,0,0.12
2014-09-05T12:14:00-00:00,-93.359373,44.553666,Minnetonka,0.265,30.07,7.55,9.07,1009.07,4.37,0,0.12
2014-09-05T12:14:00-00:00,-93.359817,44.553446,Minnetonka,0.241,29.32,8.22,9.18,1009.18,4.39,0,0.12
2014-09-05T12:14:00-00:00,-93.360263,44.553233,Minnetonka,0.247,30.93,7.85,9.06,1009.06,4.39,0,0.12
2014-09-05T12:14:00-00:00,-93.360716,44.553025,Minnetonka,0.251,31.09,7.96,9.06,1009.06,4.34,0,0.12
2014-09-05T12:14:00-00:00,-93.35768,44.554919,Minnetonka,0.177,26.83,0.22,9.33,1009.33,0.62,0,0.06
2014-09-05T12:14:00-00:00,-93.361604,44.552594,Minnetonka,0.263,31.88,7.62,8.98,1008.98,4.37,0,0.12
2014-09-05T12:14:00-00:00,-93.362059,44.552395,Minnetonka,0.23,31.7,8.36,9.07,1009.07,4.38,0,0.12
2014-09-05T12:14:00-00:00,-93.362543,44.55222,Minnetonka,0.244,31.16,8.2,9.08,1009.08,4.41,0,0.12
2014-09-05T12:14:00-00:00,-93.363023,44.552039,Minnetonka,0.254,27.21,8.12,9.25,1009.25,4.24,0,0.12
2014-09-05T12:14:00-00:00,-93.363508,44.551862,Minnetonka,0.276,31.38,7.34,8.97,1008.97,4.33,0,0.12
2014-09-05T12:14:00-00:00,-93.364002,44.551696,Minnetonka,0.277,27.33,7.3,9.19,1009.19,4.34,0,0.12
2014-09-05T12:14:00-00:00,-93.364513,44.551565,Minnetonka,0.27,29.72,7.49,9.09,1009.09,4.36,0,0.12
2014-09-05T12:14:00-00:00,-93.365025,44.551453,Minnetonka,0.273,30.68,7.66,9.05,1009.05,4.37,0,0.12
2014-09-05T12:14:00-00:00,-93.365556,44.551409,Minnetonka,0.277,31.05,7.47,9.01,1009.01,4.37,0,0.12
2014-09-05T12:14:00-00:00,-93.366099,44.551393,Minnetonka,0.266,31.54,7.57,8.99,1008.99,4.38,0,0.12
2014-09-05T12:14:00-00:00,-93.366641,44.551375,Minnetonka,0.268,31.38,7.45,8.99,1008.99,4.39,0,0.12
2014-09-05T12:14:00-00:00,-93.367186,44.551368,Minnetonka,0.273,31.81,7.47,8.96,1008.96,4.36,0,0.12
2014-09-05T12:14:00-00:00,-93.367735,44.551377,Minnetonka,0.277,32.24,7.37,8.92,1008.92,4.36,0,0.12
2014-09-05T12:14:00-00:00,-93.353491,44.557991,Minnetonka,0.253,25.1,8.67,9.32,1009.32,3.5,0,0.12
2014-09-05T12:14:00-00:00,-93.348695,44.555757,Minnetonka,0.24,26.8,8.76,9.3,1009.3,0.5,0,0.12
2014-09-05T12:14:00-00:00,-93.348764,44.555873,Minnetonka,0.24,26.74,9.11,9.31,1009.31,0.23,0,0.11
2014-09-05T12:14:00-00:00,-93.348884,44.556039,Minnetonka,0.242,26.81,8.96,9.3,1009.3,0.14,0,0.11
2014-09-05T12:14:00-00:00,-93.349077,44.556317,Minnetonka,0.232,26.29,9.14,9.32,1009.32,0.49,0,0.12
2014-09-05T12:14:00-00:00,-93.349294,44.556617,Minnetonka,0.238,26.21,9.07,9.32,1009.32,1.87,0,0.12
2014-09-05T12:14:00-00:00,-93.349558,44.556888,Minnetonka,0.247,26.44,8.78,9.31,1009.31,2.72,0,0.12
2014-09-05T12:14:00-00:00,-93.349942,44.557082,Minnetonka,0.25,26.3,8.79,9.31,1009.31,4.08,0,0.12
2014-09-05T12:14:00-00:00,-93.350371,44.557224,Minnetonka,0.244,28.02,8.75,9.26,1009.26,4.27,0,0.12
2014-09-05T12:14:00-00:00,-93.350815,44.557346,Minnetonka,0.249,27.9,8.64,9.26,1009.26,4.18,0,0.12
2014-09-05T12:14:00-00:00,-93.35127,44.557464,Minnetonka,0.249,27.29,8.59,9.28,1009.28,4,0,0.12
2014-09-05T12:14:00-00:00,-93.351714,44.557578,Minnetonka,0.259,26.07,8.56,9.3,1009.3,4.37,0,0.12
2014-09-05T12:14:00-00:00,-93.352155,44.557688,Minnetonka,0.238,27.43,8.8,9.28,1009.28,4.34,0,0.12
2014-09-05T12:14:00-00:00,-93.352599,44.557798,Minnetonka,0.238,26.46,8.88,9.31,1009.31,4.38,0,0.12
2014-09-05T12:14:00-00:00,-93.353041,44.557899,Minnetonka,0.246,25.37,8.89,9.32,1009.32,4.39,0,0.12
2014-09-05T12:14:00-00:00,-93.34864,44.555661,Minnetonka,0.252,26.28,8.49,9.3,1009.3,0.13,0,0.11
2014-09-05T12:14:00-00:00,-93.353932,44.558059,Minnetonka,0.261,25.83,8.35,9.3,1009.3,4.39,0,0.12
2014-09-05T12:14:00-00:00,-93.354397,44.558095,Minnetonka,0.259,27.26,8.44,9.27,1009.27,4.39,0,0.12
2014-09-05T12:14:00-00:00,-93.354866,44.558042,Minnetonka,0.269,27.03,8.33,9.27,1009.27,4.38,0,0.12
2014-09-05T12:14:00-00:00,-93.355294,44.557932,Minnetonka,0.254,25.95,8.46,9.3,1009.3,3.81,0,0.12
2014-09-05T12:14:00-00:00,-93.355483,44.557847,Minnetonka,0.249,26.79,8.62,9.29,1009.29,4.22,0,0.12
2014-09-05T12:14:00-00:00,-93.355622,44.557753,Minnetonka,0.252,25.63,8.76,9.32,1009.32,4.38,0,0.12
2014-09-05T12:14:00-00:00,-93.355724,44.557628,Minnetonka,0.251,27.03,8.58,9.28,1009.28,4.36,0,0.12
2014-09-05T12:14:00-00:00,-93.355808,44.557521,Minnetonka,0.251,26.6,8.64,9.3,1009.3,4.35,0,0.12
2014-09-05T12:14:00-00:00,-93.355887,44.557419,Minnetonka,0.249,26.95,8.68,9.29,1009.29,4.31,0,0.12
2014-09-05T12:14:00-00:00,-93.355957,44.55732,Minnetonka,0.252,26.77,8.53,9.29,1009.29,3.12,0,0.12
2014-09-05T12:14:00-00:00,-93.356024,44.557223,Minnetonka,0.247,26.31,8.75,9.31,1009.31,1.26,0,0.12
2014-09-05T12:14:00-00:00,-93.356058,44.557145,Minnetonka,0.248,26.62,8.62,9.3,1009.3,1.24,0,0.12
2014-09-05T12:14:00-00:00,-93.356094,44.557086,Minnetonka,0.248,26.27,8.81,9.31,1009.31,0.22,0,0.09
2014-09-05T12:14:00-00:00,-93.347712,44.554407,Minnetonka,0.259,26.31,8.51,9.3,1009.3,3.11,0,0.12
2014-09-05T12:14:00-00:00,-93.343345,44.551863,Minnetonka,0.268,38.53,7.94,8.59,1008.59,4.41,0,0.11
2014-09-05T12:14:00-00:00,-93.343784,44.552105,Minnetonka,0.271,31.11,7.96,9.06,1009.06,4.4,0,0.11
2014-09-05T12:14:00-00:00,-93.344224,44.55235,Minnetonka,0.266,31.96,7.99,9.02,1009.02,4.4,0,0.11
2014-09-05T12:14:00-00:00,-93.344695,44.552561,Minnetonka,0.251,31.9,8.18,9.04,1009.04,4.41,0,0.12
2014-09-05T12:14:00-00:00,-93.345238,44.552658,Minnetonka,0.252,31,8.41,9.11,1009.11,4.42,0,0.12
2014-09-05T12:14:00-00:00,-93.345786,44.552723,Minnetonka,0.259,28.31,8.43,9.23,1009.23,4.41,0,0.12
2014-09-05T12:14:00-00:00,-93.346284,44.552904,Minnetonka,0.256,27.79,8.41,9.25,1009.25,4.41,0,0.12
2014-09-05T12:14:00-00:00,-93.346619,44.55323,Minnetonka,0.245,28.66,8.56,9.23,1009.23,4.39,0,0.12
2014-09-05T12:14:00-00:00,-93.346923,44.553567,Minnetonka,0.239,28.16,9.01,9.27,1009.27,4.42,0,0.12
2014-09-05T12:14:00-00:00,-93.347206,44.553874,Minnetonka,0.254,27.14,8.7,9.29,1009.29,4.39,0,0.12
2014-09-05T12:14:00-00:00,-93.347427,44.554081,Minnetonka,0.258,26.78,8.46,9.28,1009.28,4.4,0,0.12
2014-09-05T12:14:00-00:00,-93.347555,44.554209,Minnetonka,0.264,27.34,8.41,9.26,1009.26,4.36,0,0.12
2014-09-05T12:14:00-00:00,-93.347639,44.554311,Minnetonka,0.257,26.94,8.51,9.28,1009.28,4.36,0,0.12
2014-09-05T12:14:00-00:00,-93.35613,44.557026,Minnetonka,0.22,26.59,0.21,9.33,1009.33,0.67,0,0.1
2014-09-05T12:14:00-00:00,-93.347794,44.554492,Minnetonka,0.264,26.66,8.39,9.28,1009.28,3.01,0,0.12
2014-09-05T12:14:00-00:00,-93.347855,44.554567,Minnetonka,0.28,26.55,8.22,9.28,1009.28,0.06,0,0.1
2014-09-05T12:14:00-00:00,-93.347913,44.55466,Minnetonka,0.211,26.64,9.15,9.31,1009.31,0.05,0,0.09
2014-09-05T12:14:00-00:00,-93.347977,44.554745,Minnetonka,0.22,26.6,8.91,9.31,1009.31,0.07,0,0.09
2014-09-05T12:14:00-00:00,-93.348036,44.554827,Minnetonka,0.231,26.67,8.8,9.3,1009.3,0.06,0,0.1
2014-09-05T12:14:00-00:00,-93.348095,44.55491,Minnetonka,0.22,26.8,9.25,9.31,1009.31,0.05,0,0.08
2014-09-05T12:14:00-00:00,-93.348165,44.555003,Minnetonka,0.237,26.53,8.67,9.3,1009.3,0.05,0,0.1
2014-09-05T12:14:00-00:00,-93.348243,44.555093,Minnetonka,0.259,26.76,8.48,9.29,1009.29,0.13,0,0.11
2014-09-05T12:14:00-00:00,-93.348311,44.555186,Minnetonka,0.267,26.83,8.25,9.27,1009.27,0.15,0,0.11
2014-09-05T12:14:00-00:00,-93.348378,44.555281,Minnetonka,0.258,26.38,8.29,9.29,1009.29,0.14,0,0.11
2014-09-05T12:14:00-00:00,-93.348444,44.55538,Minnetonka,0.256,25.15,8.59,9.32,1009.32,0.1,0,0.12
2014-09-05T12:14:00-00:00,-93.348513,44.555473,Minnetonka,0.269,26.87,8.43,9.28,1009.28,0.53,0,0.12
2014-09-05T12:14:00-00:00,-93.348578,44.555566,Minnetonka,0.259,26.84,8.41,9.28,1009.28,0.73,0,0.12
2014-09-05T12:14:00-00:00,-93.357781,44.555047,Minnetonka,0.164,27.12,0.66,9.33,1009.33,0.35,0,0.06
2014-09-05T12:14:00-00:00,-93.357355,44.555484,Minnetonka,0.164,27.32,0.66,9.33,1009.33,0.73,0,0.06
2014-09-05T12:14:00-00:00,-93.357407,44.555437,Minnetonka,0.176,27.14,0.28,9.33,1009.33,0.79,0,0.06
2014-09-05T12:14:00-00:00,-93.357456,44.555392,Minnetonka,0.177,27.48,0.28,9.33,1009.33,0.57,0,0.06
2014-09-05T12:14:00-00:00,-93.35751,44.555345,Minnetonka,0.174,27.51,0.43,9.33,1009.33,0.55,0,0.06
2014-09-05T12:14:00-00:00,-93.357564,44.5553,Minnetonka,0.175,27.56,0.24,9.33,1009.33,0.51,0,0.06
2014-09-05T12:14:00-00:00,-93.357625,44.555251,Minnetonka,0.184,27.39,0.16,9.33,1009.33,0.53,0,0.06
2014-09-05T12:14:00-00:00,-93.357679,44.555206,Minnetonka,0.183,27.24,0.21,9.33,1009.33,0.87,0,0.07
2014-09-05T12:14:00-00:00,-93.357713,44.555173,Minnetonka,0.19,27.23,9.99,9.32,1009.32,0.47,0,0.06
2014-09-05T12:14:00-00:00,-93.357735,44.555146,Minnetonka,0.173,27.11,0.42,9.33,1009.33,0.46,0,0.06
2014-09-05T12:14:00-00:00,-93.357751,44.555125,Minnetonka,0.175,27.22,0.41,9.33,1009.33,0.44,0,0.06
2014-09-05T12:14:00-00:00,-93.357763,44.555105,Minnetonka,0.175,27.12,0.43,9.33,1009.33,0.43,0,0.06
2014-09-05T12:14:00-00:00,-93.357772,44.555086,Minnetonka,0.176,27.31,0.32,9.33,1009.33,0.48,0,0.06
2014-09-05T12:14:00-00:00,-93.357778,44.55507,Minnetonka,0.172,26.89,0.48,9.33,1009.33,0.45,0,0.07
2014-09-05T12:14:00-00:00,-93.35778,44.555057,Minnetonka,0.178,27.47,0.26,9.33,1009.33,0.38,0,0.06
2014-09-05T12:14:00-00:00,-93.357307,44.555534,Minnetonka,0.164,27.41,0.62,9.33,1009.33,0.82,0,0.06
2014-09-05T12:14:00-00:00,-93.357782,44.555036,Minnetonka,0.157,27.26,0.83,9.33,1009.33,0.54,0,0.11
2014-09-05T12:14:00-00:00,-93.357784,44.555025,Minnetonka,0.254,27.49,8.29,9.25,1009.25,1.83,0,0.11
2014-09-05T12:14:00-00:00,-93.357782,44.555016,Minnetonka,0.254,26.97,8.4,9.28,1009.28,1.06,0,0.12
2014-09-05T12:14:00-00:00,-93.357779,44.555009,Minnetonka,0.251,27.32,8.44,9.27,1009.27,2.66,0,0.12
2014-09-05T12:14:00-00:00,-93.357772,44.555001,Minnetonka,0.255,27.5,8.38,9.26,1009.26,1.76,0,0.12
2014-09-05T12:14:00-00:00,-93.357762,44.554989,Minnetonka,0.253,27.56,8.5,9.26,1009.26,2.73,0,0.11
2014-09-05T12:14:00-00:00,-93.357756,44.554972,Minnetonka,0.201,26.9,9.99,9.33,1009.33,0.42,0,0.06
2014-09-05T12:14:00-00:00,-93.357747,44.554965,Minnetonka,0.204,27.43,9.76,9.32,1009.32,0.97,0,0.06
2014-09-05T12:14:00-00:00,-93.357747,44.554957,Minnetonka,0.199,26.96,9.6,9.32,1009.32,1.2,0,0.06
2014-09-05T12:14:00-00:00,-93.357731,44.554951,Minnetonka,0.195,26.88,9.79,9.32,1009.32,1.09,0,0.06
2014-09-05T12:14:00-00:00,-93.357714,44.554938,Minnetonka,0.199,27.04,9.57,9.32,1009.32,0.98,0,0.06
2014-09-05T12:14:00-00:00,-93.357706,44.554931,Minnetonka,0.207,26.52,9.94,9.33,1009.33,0.75,0,0.06
2014-09-05T12:14:00-00:00,-93.357692,44.554924,Minnetonka,0.176,27.09,0.33,9.33,1009.33,0.91,0,0.06
2014-09-05T12:14:00-00:00,-93.356694,44.556273,Minnetonka,0.215,26.81,9.64,9.32,1009.32,0.27,0,0.07
2014-09-05T12:14:00-00:00,-93.356176,44.556974,Minnetonka,0.197,26.63,9.98,9.33,1009.33,0.33,0,0.09
2014-09-05T12:14:00-00:00,-93.356219,44.55692,Minnetonka,0.199,26.51,9.96,9.33,1009.33,0.49,0,0.1
2014-09-05T12:14:00-00:00,-93.356265,44.556872,Minnetonka,0.21,26.72,9.7,9.32,1009.32,0.48,0,0.08
2014-09-05T12:14:00-00:00,-93.356313,44.55682,Minnetonka,0.209,26.78,9.46,9.32,1009.32,0.51,0,0.07
2014-09-05T12:14:00-00:00,-93.356358,44.55677,Minnetonka,0.203,26.2,0.18,9.33,1009.33,0.38,0,0.07
2014-09-05T12:14:00-00:00,-93.356397,44.556717,Minnetonka,0.188,26.78,9.65,9.32,1009.32,0.07,0,0.09
2014-09-05T12:14:00-00:00,-93.356435,44.556662,Minnetonka,0.204,26.57,9.72,9.33,1009.33,0.21,0,0.08
2014-09-05T12:14:00-00:00,-93.356467,44.556603,Minnetonka,0.206,26.52,9.21,9.32,1009.32,0.28,0,0.08
2014-09-05T12:14:00-00:00,-93.356495,44.556541,Minnetonka,0.204,25.01,0.17,9.31,1009.31,0.13,0,0.07
2014-09-05T12:14:00-00:00,-93.356521,44.55648,Minnetonka,0.195,24.5,9.83,9.31,1009.31,0.08,0,0.09
2014-09-05T12:14:00-00:00,-93.356552,44.556423,Minnetonka,0.194,26.15,9.91,9.33,1009.33,0.23,0,0.07
2014-09-05T12:14:00-00:00,-93.356602,44.556374,Minnetonka,0.21,26.68,0.12,9.33,1009.33,0.17,0,0.07
2014-09-05T12:14:00-00:00,-93.356649,44.556325,Minnetonka,0.217,26.67,9.84,9.33,1009.33,0.16,0,0.06
2014-09-05T12:14:00-00:00,-93.383498,44.550504,Minnetonka,0.272,28.83,7.75,9.16,1009.16,4.31,0,0.13
2014-09-05T12:14:00-00:00,-93.356734,44.556218,Minnetonka,0.196,26.85,9.55,9.32,1009.32,0.54,0,0.06
2014-09-05T12:14:00-00:00,-93.356772,44.556163,Minnetonka,0.196,26.77,0.14,9.33,1009.33,0.42,0,0.07
2014-09-05T12:14:00-00:00,-93.35681,44.556109,Minnetonka,0.193,26.67,9.95,9.33,1009.33,0.48,0,0.06
2014-09-05T12:14:00-00:00,-93.356853,44.556055,Minnetonka,0.191,27.34,0,9.32,1009.32,1.13,0,0.06
2014-09-05T12:14:00-00:00,-93.356898,44.556001,Minnetonka,0.196,26.78,9.9,9.33,1009.33,1.1,0,0.06
2014-09-05T12:14:00-00:00,-93.356942,44.555948,Minnetonka,0.191,26.29,0,9.33,1009.33,1.1,0,0.06
2014-09-05T12:14:00-00:00,-93.356987,44.555895,Minnetonka,0.208,26.72,9.78,9.33,1009.33,0.59,0,0.06
2014-09-05T12:14:00-00:00,-93.357032,44.55584,Minnetonka,0.195,26.84,9.7,9.32,1009.32,1,0,0.07
2014-09-05T12:14:00-00:00,-93.357076,44.555786,Minnetonka,0.195,27.12,9.96,9.32,1009.32,1.19,0,0.06
2014-09-05T12:14:00-00:00,-93.357115,44.555733,Minnetonka,0.188,27.04,0.08,9.33,1009.33,1,0,0.06
2014-09-05T12:14:00-00:00,-93.35716,44.555682,Minnetonka,0.187,26.48,0.01,9.33,1009.33,1.16,0,0.06
2014-09-05T12:14:00-00:00,-93.357208,44.555634,Minnetonka,0.179,26.93,0.21,9.33,1009.33,0.95,0,0.06
2014-09-05T12:14:00-00:00,-93.357257,44.555585,Minnetonka,0.183,27.29,0.1,9.33,1009.33,0.89,0,0.06
2014-09-05T12:14:00-00:00,-93.411075,44.552132,Minnetonka,1.381,29.42,3.63,1.73,1001.73,0.43,0,0.27
2014-09-05T12:14:00-00:00,-93.410703,44.551341,Minnetonka,0.718,29.19,5.76,6.55,1006.55,0.62,0,0.19
2014-09-05T12:14:00-00:00,-93.410779,44.551373,Minnetonka,0.602,29.07,6.86,6.91,1006.91,0.58,0,0.2
2014-09-05T12:14:00-00:00,-93.410858,44.551407,Minnetonka,0.715,29.04,7.52,7.11,1007.11,0.7,0,0.21
2014-09-05T12:14:00-00:00,-93.410912,44.551449,Minnetonka,0.733,29.13,6.72,6.86,1006.86,0.31,0,0.19
2014-09-05T12:14:00-00:00,-93.410929,44.551509,Minnetonka,0.821,29.36,5.11,6.32,1006.32,0.25,0,0.21
2014-09-05T12:14:00-00:00,-93.41095,44.55157,Minnetonka,0.908,29.64,2.64,5.45,1005.45,0.42,0,0.24
2014-09-05T12:14:00-00:00,-93.410975,44.551631,Minnetonka,0.942,29.19,0.04,4.5,1004.5,0.48,0,0.25
2014-09-05T12:14:00-00:00,-93.410982,44.551692,Minnetonka,0.963,28.74,1.64,5.15,1005.15,0.38,0,0.25
2014-09-05T12:14:00-00:00,-93.41101,44.551756,Minnetonka,1.049,29.27,7,3.24,1003.24,0.27,0,0.24
2014-09-05T12:14:00-00:00,-93.411029,44.551824,Minnetonka,1.042,28.02,9.35,4.31,1004.31,1.05,0,0.25
2014-09-05T12:14:00-00:00,-93.411031,44.55189,Minnetonka,1.213,29.28,4.29,2.04,1002.04,0.33,0,0.28
2014-09-05T12:14:00-00:00,-93.41104,44.551949,Minnetonka,1.191,29.32,1.27,0.62,1000.62,0.17,0,0.27
2014-09-05T12:14:00-00:00,-93.411052,44.552009,Minnetonka,1.323,29.42,0.84,0.42,1000.42,0.55,0,0.27
2014-09-05T12:14:00-00:00,-93.411061,44.55207,Minnetonka,1.258,29.43,0.8,0.39,1000.39,0.36,0,0.26
2014-09-05T12:14:00-00:00,-93.410627,44.551308,Minnetonka,0.72,29.3,5.07,6.32,1006.32,0.4,0,0.2
2014-09-05T12:14:00-00:00,-93.41109,44.552194,Minnetonka,1.199,28.78,1.26,0.62,1000.62,0.24,0,0.26
2014-09-05T12:14:00-00:00,-93.411106,44.552255,Minnetonka,1.393,29.29,1.41,0.69,1000.69,0.32,0,0.29
2014-09-05T12:14:00-00:00,-93.411139,44.552319,Minnetonka,1.263,29.13,0.48,0.24,1000.24,0.26,0,0.28
2014-09-05T12:14:00-00:00,-93.411186,44.552383,Minnetonka,1.329,29.18,4.68,2.22,1002.22,0.3,0,0.29
2014-09-05T12:14:00-00:00,-93.411244,44.55244,Minnetonka,1.214,28.51,2.35,1.15,1001.15,0.26,0,0.28
2014-09-05T12:14:00-00:00,-93.411309,44.552489,Minnetonka,1.199,29.19,2.77,1.34,1001.34,0.57,0,0.27
2014-09-05T12:14:00-00:00,-93.411387,44.552538,Minnetonka,1.305,29.41,2.68,1.29,1001.29,0.38,0,0.27
2014-09-05T12:14:00-00:00,-93.411473,44.552576,Minnetonka,1.288,28.93,1.65,0.81,1000.81,0.32,0,0.28
2014-09-05T12:14:00-00:00,-93.411594,44.55261,Minnetonka,1.238,29.06,1.25,0.62,1000.62,0.26,0,0.29
2014-09-05T12:14:00-00:00,-93.411741,44.552637,Minnetonka,1.34,29.51,1.92,0.93,1000.93,0.47,0,0.29
2014-09-05T12:14:00-00:00,-93.411892,44.552658,Minnetonka,1.328,29.44,0.6,0.3,1000.3,0.46,0,0.29
2014-09-05T12:14:00-00:00,-93.412044,44.552666,Minnetonka,1.394,29.56,-0.37,-0.18,999.82,0.38,0,0.3
2014-09-05T12:14:00-00:00,-93.4122,44.552658,Minnetonka,1.41,29.54,-0.81,-0.39,999.61,0.49,0,0.29
2014-09-05T12:14:00-00:00,-93.409315,44.550935,Minnetonka,0.674,29.28,7.58,7.1,1007.1,3.06,0,0.2
2014-09-05T12:14:00-00:00,-93.403273,44.552564,Minnetonka,0.464,29.08,2.95,8.44,1008.44,3.69,0,0.18
2014-09-05T12:14:00-00:00,-93.403803,44.55247,Minnetonka,0.487,29.43,1.93,8.2,1008.2,3.7,0,0.18
2014-09-05T12:14:00-00:00,-93.404343,44.552434,Minnetonka,0.47,29.29,2.69,8.37,1008.37,3.66,0,0.18
2014-09-05T12:14:00-00:00,-93.404875,44.552397,Minnetonka,0.442,29.6,3.43,8.49,1008.49,3.67,0,0.18
2014-09-05T12:14:00-00:00,-93.405379,44.552288,Minnetonka,0.456,29.55,3.58,8.52,1008.52,3.44,0,0.19
2014-09-05T12:14:00-00:00,-93.405849,44.552132,Minnetonka,0.524,29.71,1.37,8.05,1008.05,3.27,0,0.19
2014-09-05T12:14:00-00:00,-93.406304,44.551947,Minnetonka,0.565,29.42,0.06,7.76,1007.76,3.21,0,0.19
2014-09-05T12:14:00-00:00,-93.406759,44.551764,Minnetonka,0.592,29.5,9.76,7.68,1007.68,3.13,0,0.2
2014-09-05T12:14:00-00:00,-93.407203,44.551567,Minnetonka,0.625,29.3,8.96,7.49,1007.49,3.12,0,0.2
2014-09-05T12:14:00-00:00,-93.407633,44.551357,Minnetonka,0.633,29.32,8.55,7.37,1007.37,3.14,0,0.2
2014-09-05T12:14:00-00:00,-93.408049,44.551133,Minnetonka,0.611,29.84,9.25,7.51,1007.51,3.14,0,0.2
2014-09-05T12:14:00-00:00,-93.408484,44.55094,Minnetonka,0.638,29.77,8.42,7.29,1007.29,3.1,0,0.2
2014-09-05T12:14:00-00:00,-93.408834,44.550876,Minnetonka,0.657,29.68,8.04,7.2,1007.2,3.09,0,0.2
2014-09-05T12:14:00-00:00,-93.409086,44.550898,Minnetonka,0.689,29.98,7.09,6.89,1006.89,3.07,0,0.2
2014-09-05T12:14:00-00:00,-93.41235,44.552634,Minnetonka,1.414,29.8,-1.45,-0.71,999.29,0.23,0,0.31
2014-09-05T12:14:00-00:00,-93.409539,44.550975,Minnetonka,0.679,29.54,7.65,7.09,1007.09,3.04,0,0.2
2014-09-05T12:14:00-00:00,-93.40971,44.551009,Minnetonka,0.71,29.45,6.29,6.7,1006.7,3.04,0,0.2
2014-09-05T12:14:00-00:00,-93.409839,44.551036,Minnetonka,0.721,29.57,6.49,6.75,1006.75,3.03,0,0.2
2014-09-05T12:14:00-00:00,-93.40993,44.551056,Minnetonka,0.717,29.28,6.2,6.68,1006.68,0.52,0,0.2
2014-09-05T12:14:00-00:00,-93.410016,44.551072,Minnetonka,0.66,29.38,6.74,6.84,1006.84,0.8,0,0.2
2014-09-05T12:14:00-00:00,-93.410095,44.551089,Minnetonka,0.651,29.24,7.45,7.07,1007.07,0.34,0,0.18
2014-09-05T12:14:00-00:00,-93.410177,44.551118,Minnetonka,0.669,29.29,8.34,7.32,1007.32,0.26,0,0.18
2014-09-05T12:14:00-00:00,-93.410249,44.551146,Minnetonka,0.664,27.73,7.74,7.3,1007.3,1.2,0,0.19
2014-09-05T12:14:00-00:00,-93.410308,44.551177,Minnetonka,0.628,29.6,7.95,7.18,1007.18,1.16,0,0.19
2014-09-05T12:14:00-00:00,-93.41038,44.551209,Minnetonka,0.585,29.11,9.02,7.52,1007.52,0.53,0,0.19
2014-09-05T12:14:00-00:00,-93.410447,44.551237,Minnetonka,0.623,29.76,9.33,7.54,1007.54,0.57,0,0.19
2014-09-05T12:14:00-00:00,-93.410512,44.551259,Minnetonka,0.68,29.23,8.57,7.39,1007.39,0.34,0,0.18
2014-09-05T12:14:00-00:00,-93.410566,44.551282,Minnetonka,0.663,28.93,5.54,6.51,1006.51,0.35,0,0.2
2014-09-05T12:14:00-00:00,-93.418343,44.550489,Minnetonka,1.231,30.48,3.24,1.53,1001.53,1.45,0,0.32
2014-09-05T12:14:00-00:00,-93.416301,44.551074,Minnetonka,1.225,30.68,3.17,1.49,1001.49,1.45,0,0.31
2014-09-05T12:14:00-00:00,-93.416447,44.551032,Minnetonka,1.234,30.5,3.14,1.48,1001.48,1.46,0,0.32
2014-09-05T12:14:00-00:00,-93.416593,44.550995,Minnetonka,1.219,30.6,3.6,1.68,1001.68,1.45,0,0.31
2014-09-05T12:14:00-00:00,-93.416738,44.550958,Minnetonka,1.211,30.38,3.82,1.79,1001.79,1.39,0,0.31
2014-09-05T12:14:00-00:00,-93.416885,44.550921,Minnetonka,1.219,30.54,3.52,1.65,1001.65,1.45,0,0.32
2014-09-05T12:14:00-00:00,-93.417031,44.550886,Minnetonka,1.234,30.06,3.09,1.47,1001.47,1.44,0,0.31
2014-09-05T12:14:00-00:00,-93.417182,44.550844,Minnetonka,1.211,30.51,3.66,1.71,1001.71,1.33,0,0.31
2014-09-05T12:14:00-00:00,-93.417323,44.550794,Minnetonka,1.228,30.48,3.56,1.67,1001.67,1.29,0,0.32
2014-09-05T12:14:00-00:00,-93.417463,44.550742,Minnetonka,1.243,30.62,2.81,1.32,1001.32,1.42,0,0.32
2014-09-05T12:14:00-00:00,-93.417612,44.550696,Minnetonka,1.269,30.07,2.31,1.11,1001.11,1.42,0,0.32
2014-09-05T12:14:00-00:00,-93.417753,44.550647,Minnetonka,1.27,30.75,2.38,1.12,1001.12,1.41,0,0.31
2014-09-05T12:14:00-00:00,-93.417893,44.550595,Minnetonka,1.306,30.71,1.55,0.74,1000.74,1.38,0,0.31
2014-09-05T12:14:00-00:00,-93.418042,44.550553,Minnetonka,1.268,30.57,2.25,1.06,1001.06,1.43,0,0.32
2014-09-05T12:14:00-00:00,-93.418189,44.550517,Minnetonka,1.247,30.5,2.74,1.29,1001.29,1.44,0,0.32
2014-09-05T12:14:00-00:00,-93.416161,44.551117,Minnetonka,1.247,30.38,2.85,1.35,1001.35,1.46,0,0.31
2014-09-05T12:14:00-00:00,-93.418494,44.550454,Minnetonka,1.225,30.34,3.26,1.54,1001.54,1.46,0,0.31
2014-09-05T12:14:00-00:00,-93.418643,44.550412,Minnetonka,1.212,30.25,3.45,1.62,1001.62,1.47,0,0.32
2014-09-05T12:14:00-00:00,-93.418792,44.550374,Minnetonka,1.212,30.12,3.69,1.74,1001.74,1.48,0,0.31
2014-09-05T12:14:00-00:00,-93.418937,44.550337,Minnetonka,1.212,30.37,3.74,1.75,1001.75,1.47,0,0.32
2014-09-05T12:14:00-00:00,-93.419087,44.550294,Minnetonka,1.213,31.18,3.58,1.66,1001.66,1.46,0,0.32
2014-09-05T12:14:00-00:00,-93.419235,44.550252,Minnetonka,1.208,30.77,3.79,1.77,1001.77,1.46,0,0.32
2014-09-05T12:14:00-00:00,-93.419358,44.550197,Minnetonka,1.214,30.71,3.5,1.64,1001.64,1.46,0,0.32
2014-09-05T12:14:00-00:00,-93.419471,44.550122,Minnetonka,1.22,30.91,3.49,1.63,1001.63,1.44,0,0.31
2014-09-05T12:14:00-00:00,-93.419554,44.550028,Minnetonka,1.232,30.7,3.26,1.52,1001.52,1.42,0,0.32
2014-09-05T12:14:00-00:00,-93.419584,44.549938,Minnetonka,1.294,30.84,1.75,0.83,1000.83,1.42,0,0.32
2014-09-05T12:14:00-00:00,-93.41952,44.549847,Minnetonka,1.137,30.66,5.45,2.5,1002.5,1.52,0,0.32
2014-09-05T12:14:00-00:00,-93.419409,44.549785,Minnetonka,1.162,30.11,4.99,2.32,1002.32,1.51,0,0.32
2014-09-05T12:14:00-00:00,-93.41926,44.549802,Minnetonka,1.256,30.86,3.2,1.5,1001.5,1.43,0,0.32
2014-09-05T12:14:00-00:00,-93.414247,44.551873,Minnetonka,1.287,30.2,1.83,0.88,1000.88,1.41,0,0.31
2014-09-05T12:14:00-00:00,-93.4125,44.552603,Minnetonka,1.388,29.69,0.03,0.02,1000.02,0.96,0,0.31
2014-09-05T12:14:00-00:00,-93.412649,44.552565,Minnetonka,1.379,29.18,-0.37,-0.18,999.82,0.43,0,0.3
2014-09-05T12:14:00-00:00,-93.412798,44.552527,Minnetonka,1.293,29.55,1.36,0.67,1000.67,0.99,0,0.31
2014-09-05T12:14:00-00:00,-93.412949,44.552489,Minnetonka,1.206,29.62,3.07,1.47,1001.47,0.23,0,0.3
2014-09-05T12:14:00-00:00,-93.413096,44.552446,Minnetonka,1.232,29.7,3.08,1.47,1001.47,0.59,0,0.31
2014-09-05T12:14:00-00:00,-93.41324,44.552395,Minnetonka,1.199,29.56,3.88,1.84,1001.84,0.87,0,0.31
2014-09-05T12:14:00-00:00,-93.41337,44.552338,Minnetonka,1.228,29.76,3.31,1.57,1001.57,1.39,0,0.31
2014-09-05T12:14:00-00:00,-93.413506,44.552282,Minnetonka,1.255,23.28,3.08,1.66,1001.66,1.39,0,0.31
2014-09-05T12:14:00-00:00,-93.413631,44.552221,Minnetonka,1.301,29.1,1.45,0.71,1000.71,1.39,0,0.31
2014-09-05T12:14:00-00:00,-93.413755,44.552159,Minnetonka,1.304,30.08,1.45,0.7,1000.7,1.41,0,0.31
2014-09-05T12:14:00-00:00,-93.413885,44.552093,Minnetonka,1.307,30.11,1.28,0.62,1000.62,1.4,0,0.31
2014-09-05T12:14:00-00:00,-93.41401,44.552025,Minnetonka,1.299,30.44,1.46,0.7,1000.7,1.41,0,0.31
2014-09-05T12:14:00-00:00,-93.41413,44.551951,Minnetonka,1.298,30.28,1.6,0.77,1000.77,1.37,0,0.31
2014-09-05T12:14:00-00:00,-93.402774,44.552706,Minnetonka,0.453,28.88,3.12,8.49,1008.49,3.67,0,0.18
2014-09-05T12:14:00-00:00,-93.414377,44.551807,Minnetonka,1.287,30.21,1.85,0.89,1000.89,1.4,0,0.31
2014-09-05T12:14:00-00:00,-93.414505,44.551743,Minnetonka,1.297,29.63,1.57,0.76,1000.76,1.42,0,0.31
2014-09-05T12:14:00-00:00,-93.414639,44.551683,Minnetonka,1.306,30.13,1.37,0.66,1000.66,1.4,0,0.31
2014-09-05T12:14:00-00:00,-93.414772,44.551624,Minnetonka,1.31,30.13,1.42,0.69,1000.69,1.38,0,0.31
2014-09-05T12:14:00-00:00,-93.414897,44.551563,Minnetonka,1.326,29.59,0.88,0.43,1000.43,1.39,0,0.31
2014-09-05T12:14:00-00:00,-93.415005,44.551494,Minnetonka,1.326,29.57,0.62,0.31,1000.31,1.4,0,0.31
2014-09-05T12:14:00-00:00,-93.415158,44.551447,Minnetonka,1.329,30.29,0.59,0.29,1000.29,1.4,0,0.31
2014-09-05T12:14:00-00:00,-93.415294,44.551397,Minnetonka,1.326,30.29,1.08,0.52,1000.52,1.4,0,0.31
2014-09-05T12:14:00-00:00,-93.415436,44.551347,Minnetonka,1.308,30.39,1.39,0.67,1000.67,1.42,0,0.31
2014-09-05T12:14:00-00:00,-93.415578,44.551296,Minnetonka,1.28,30.24,1.91,0.92,1000.92,1.44,0,0.31
2014-09-05T12:14:00-00:00,-93.415719,44.551244,Minnetonka,1.26,30.07,2.41,1.15,1001.15,1.45,0,0.31
2014-09-05T12:14:00-00:00,-93.415866,44.551199,Minnetonka,1.244,30.42,2.79,1.32,1001.32,1.46,0,0.31
2014-09-05T12:14:00-00:00,-93.416013,44.551157,Minnetonka,1.228,30.43,3.03,1.43,1001.43,1.47,0,0.31
2014-09-05T12:14:00-00:00,-93.392251,44.546012,Minnetonka,0.281,27.42,8.09,9.24,1009.24,0.05,0,0.14
2014-09-05T12:14:00-00:00,-93.391268,44.546549,Minnetonka,0.253,28.19,8.41,9.24,1009.24,2.81,0,0.16
2014-09-05T12:14:00-00:00,-93.391331,44.546505,Minnetonka,0.275,28.35,7.84,9.19,1009.19,3.87,0,0.16
2014-09-05T12:14:00-00:00,-93.391392,44.546461,Minnetonka,0.266,28.08,7.98,9.21,1009.21,0.95,0,0.15
2014-09-05T12:14:00-00:00,-93.391454,44.546418,Minnetonka,0.259,27.73,8.25,9.24,1009.24,0.24,0,0.14
2014-09-05T12:14:00-00:00,-93.391516,44.546373,Minnetonka,0.247,27.64,8.19,9.24,1009.24,1.09,0,0.15
2014-09-05T12:14:00-00:00,-93.391583,44.546329,Minnetonka,0.259,28.08,8.2,9.23,1009.23,0.12,0,0.15
2014-09-05T12:14:00-00:00,-93.391657,44.546287,Minnetonka,0.253,27.69,8.5,9.26,1009.26,0.9,0,0.15
2014-09-05T12:14:00-00:00,-93.391729,44.546246,Minnetonka,0.247,27.46,8.55,9.27,1009.27,0.11,0,0.14
2014-09-05T12:14:00-00:00,-93.391798,44.546206,Minnetonka,0.24,27.2,9.09,9.3,1009.3,0.09,0,0.13
2014-09-05T12:14:00-00:00,-93.39187,44.54617,Minnetonka,0.241,27.57,8.88,9.28,1009.28,0.61,0,0.14
2014-09-05T12:14:00-00:00,-93.391945,44.546136,Minnetonka,0.245,27.58,8.67,9.27,1009.27,0.08,0,0.12
2014-09-05T12:14:00-00:00,-93.39202,44.546104,Minnetonka,0.243,27.5,8.3,9.25,1009.25,0.05,0,0.1
2014-09-05T12:14:00-00:00,-93.392094,44.546071,Minnetonka,0.251,27.76,8.49,9.26,1009.26,0.05,0,0.15
2014-09-05T12:14:00-00:00,-93.392169,44.54604,Minnetonka,0.244,27.21,8.58,9.28,1009.28,0.11,0,0.13
2014-09-05T12:14:00-00:00,-93.391202,44.546584,Minnetonka,0.251,27.97,8.54,9.25,1009.25,0.41,0,0.16
2014-09-05T12:14:00-00:00,-93.392335,44.545989,Minnetonka,0.276,27.35,7.99,9.24,1009.24,0.06,0,0.15
2014-09-05T12:14:00-00:00,-93.392412,44.545974,Minnetonka,0.29,27.34,7.78,9.22,1009.22,0.05,0,0.14
2014-09-05T12:14:00-00:00,-93.392494,44.545971,Minnetonka,0.284,27.25,7.66,9.22,1009.22,0.12,0,0.12
2014-09-05T12:14:00-00:00,-93.392579,44.545973,Minnetonka,0.277,27.38,7.59,9.21,1009.21,0.07,0,0.14
2014-09-05T12:14:00-00:00,-93.39266,44.545977,Minnetonka,0.287,27.3,7.48,9.2,1009.2,0.07,0,0.14
2014-09-05T12:14:00-00:00,-93.39275,44.545982,Minnetonka,0.296,27.46,7.84,9.22,1009.22,0.06,0,0.14
2014-09-05T12:14:00-00:00,-93.392911,44.546001,Minnetonka,0.275,26.81,7.05,9.19,1009.19,0.06,0,0.14
2014-09-05T12:14:00-00:00,-93.393336,44.546085,Minnetonka,0.302,27.08,6.96,9.17,1009.17,0.05,0,0.13
2014-09-05T12:14:00-00:00,-93.393871,44.546229,Minnetonka,0.32,28.08,6.67,9.09,1009.09,0.26,0,0.16
2014-09-05T12:14:00-00:00,-93.394314,44.546493,Minnetonka,0.33,28.08,6.32,9.05,1009.05,3.18,0,0.16
2014-09-05T12:14:00-00:00,-93.394654,44.546826,Minnetonka,0.339,28.07,6.14,9.03,1009.03,3.25,0,0.16
2014-09-05T12:14:00-00:00,-93.395016,44.547153,Minnetonka,0.352,28.42,5.78,8.96,1008.96,3.89,0,0.16
2014-09-05T12:14:00-00:00,-93.395386,44.54747,Minnetonka,0.344,29.35,6.15,8.95,1008.95,3.69,0,0.16
2014-09-05T12:14:00-00:00,-93.389827,44.547659,Minnetonka,0.273,27.37,7.83,9.23,1009.23,4.36,0,0.14
2014-09-05T12:14:00-00:00,-93.384033,44.55044,Minnetonka,0.276,29.34,7.8,9.14,1009.14,4.31,0,0.13
2014-09-05T12:14:00-00:00,-93.38454,44.550326,Minnetonka,0.247,29.23,8.43,9.2,1009.2,4.29,0,0.13
2014-09-05T12:14:00-00:00,-93.385019,44.550153,Minnetonka,0.261,29.21,8.21,9.18,1009.18,4.28,0,0.13
2014-09-05T12:14:00-00:00,-93.385484,44.549954,Minnetonka,0.263,29.24,8.19,9.18,1009.18,4.29,0,0.13
2014-09-05T12:14:00-00:00,-93.385941,44.549744,Minnetonka,0.254,28.85,8.22,9.2,1009.2,4.3,0,0.13
2014-09-05T12:14:00-00:00,-93.386396,44.549536,Minnetonka,0.252,28.17,8.46,9.24,1009.24,4.31,0,0.13
2014-09-05T12:14:00-00:00,-93.386852,44.549323,Minnetonka,0.275,29.36,7.68,9.12,1009.12,4.29,0,0.13
2014-09-05T12:14:00-00:00,-93.387291,44.549093,Minnetonka,0.287,29.23,7.41,9.1,1009.1,4.28,0,0.14
2014-09-05T12:14:00-00:00,-93.387719,44.54886,Minnetonka,0.274,27.76,7.73,9.2,1009.2,4.25,0,0.14
2014-09-05T12:14:00-00:00,-93.388137,44.548616,Minnetonka,0.251,28.24,8.39,9.23,1009.23,4.33,0,0.14
2014-09-05T12:14:00-00:00,-93.388553,44.54837,Minnetonka,0.263,28.74,7.99,9.18,1009.18,4.34,0,0.14
2014-09-05T12:14:00-00:00,-93.38898,44.54813,Minnetonka,0.261,28.61,8.16,9.2,1009.2,4.34,0,0.14
2014-09-05T12:14:00-00:00,-93.389408,44.547899,Minnetonka,0.27,27.41,7.99,9.24,1009.24,4.35,0,0.14
2014-09-05T12:14:00-00:00,-93.395716,44.547735,Minnetonka,0.327,29.87,6.32,8.94,1008.94,4.06,0,0.17
2014-09-05T12:14:00-00:00,-93.390145,44.547442,Minnetonka,0.264,27.67,8.03,9.23,1009.23,4.37,0,0.14
2014-09-05T12:14:00-00:00,-93.390367,44.54727,Minnetonka,0.247,27.95,8.51,9.25,1009.25,4.28,0,0.14
2014-09-05T12:14:00-00:00,-93.390472,44.547189,Minnetonka,0.253,27.65,8.41,9.26,1009.26,4.33,0,0.15
2014-09-05T12:14:00-00:00,-93.390575,44.547096,Minnetonka,0.243,27.62,8.59,9.27,1009.27,4.28,0,0.15
2014-09-05T12:14:00-00:00,-93.39068,44.547015,Minnetonka,0.254,28.22,8.4,9.23,1009.23,4.25,0,0.16
2014-09-05T12:14:00-00:00,-93.390769,44.546955,Minnetonka,0.263,28.13,8.24,9.23,1009.23,4.29,0,0.16
2014-09-05T12:14:00-00:00,-93.390836,44.546912,Minnetonka,0.267,28,7.95,9.21,1009.21,4.25,0,0.16
2014-09-05T12:14:00-00:00,-93.390893,44.546869,Minnetonka,0.261,28.18,8.18,9.22,1009.22,4.27,0,0.16
2014-09-05T12:14:00-00:00,-93.390947,44.546823,Minnetonka,0.26,27.3,8.23,9.26,1009.26,2.33,0,0.16
2014-09-05T12:14:00-00:00,-93.390991,44.546772,Minnetonka,0.26,27.8,8.27,9.24,1009.24,2.59,0,0.16
2014-09-05T12:14:00-00:00,-93.391037,44.546719,Minnetonka,0.255,28.11,8.36,9.24,1009.24,2.58,0,0.16
2014-09-05T12:14:00-00:00,-93.39109,44.54667,Minnetonka,0.248,27.48,8.5,9.27,1009.27,1.04,0,0.16
2014-09-05T12:14:00-00:00,-93.391148,44.546623,Minnetonka,0.247,28.12,8.51,9.25,1009.25,3.17,0,0.16
2014-09-05T12:14:00-00:00,-93.398859,44.556694,Minnetonka,0.552,30.4,0.38,7.75,1007.75,3.52,0,0.18
2014-09-05T12:14:00-00:00,-93.392718,44.555535,Minnetonka,0.522,27,1.27,8.27,1008.27,3.55,0,0.17
2014-09-05T12:14:00-00:00,-93.392993,44.555861,Minnetonka,0.5,27.68,2.11,8.39,1008.39,3.54,0,0.17
2014-09-05T12:14:00-00:00,-93.393304,44.556168,Minnetonka,0.524,28.89,1.4,8.13,1008.13,3.49,0,0.17
2014-09-05T12:14:00-00:00,-93.393636,44.556456,Minnetonka,0.517,28.14,1.53,8.22,1008.22,3.4,0,0.17
2014-09-05T12:14:00-00:00,-93.394008,44.556727,Minnetonka,0.509,29.61,1.81,8.15,1008.15,3.4,0,0.17
2014-09-05T12:14:00-00:00,-93.394397,44.556978,Minnetonka,0.499,29.93,1.98,8.17,1008.17,3.5,0,0.17
2014-09-05T12:14:00-00:00,-93.394847,44.557172,Minnetonka,0.499,30.26,2.11,8.16,1008.16,3.56,0,0.17
2014-09-05T12:14:00-00:00,-93.395344,44.557273,Minnetonka,0.484,30.28,2.33,8.21,1008.21,3.48,0,0.17
2014-09-05T12:14:00-00:00,-93.395868,44.557304,Minnetonka,0.458,30.21,2.79,8.31,1008.31,3.53,0,0.17
2014-09-05T12:14:00-00:00,-93.396404,44.557291,Minnetonka,0.511,30.37,1.55,8.03,1008.03,3.45,0,0.17
2014-09-05T12:14:00-00:00,-93.396925,44.557238,Minnetonka,0.484,30.22,1.94,8.13,1008.13,3.44,0,0.17
2014-09-05T12:14:00-00:00,-93.397441,44.557169,Minnetonka,0.489,30.6,2.01,8.11,1008.11,3.42,0,0.17
2014-09-05T12:14:00-00:00,-93.397932,44.557044,Minnetonka,0.465,30.54,2.53,8.23,1008.23,3.42,0,0.17
2014-09-05T12:14:00-00:00,-93.398403,44.556877,Minnetonka,0.501,29.02,1.86,8.22,1008.22,3.45,0,0.17
2014-09-05T12:14:00-00:00,-93.392518,44.555185,Minnetonka,0.556,29.02,0.38,7.88,1007.88,3.59,0,0.17
2014-09-05T12:14:00-00:00,-93.399293,44.556489,Minnetonka,0.598,29.95,9.11,7.46,1007.46,3.56,0,0.17
2014-09-05T12:14:00-00:00,-93.399679,44.556241,Minnetonka,0.581,30.02,9.45,7.55,1007.55,3.56,0,0.17
2014-09-05T12:14:00-00:00,-93.400006,44.555956,Minnetonka,0.594,29.15,9.37,7.61,1007.61,3.6,0,0.18
2014-09-05T12:14:00-00:00,-93.40022,44.555615,Minnetonka,0.447,29.43,3.37,8.49,1008.49,3.74,0,0.18
2014-09-05T12:14:00-00:00,-93.400348,44.555248,Minnetonka,0.466,29.59,2.83,8.37,1008.37,3.73,0,0.18
2014-09-05T12:14:00-00:00,-93.400451,44.554886,Minnetonka,0.465,29.94,2.93,8.36,1008.36,3.74,0,0.18
2014-09-05T12:14:00-00:00,-93.400522,44.554515,Minnetonka,0.486,29.76,2.1,8.2,1008.2,3.74,0,0.18
2014-09-05T12:14:00-00:00,-93.400622,44.554149,Minnetonka,0.49,29.33,2.28,8.28,1008.28,3.71,0,0.18
2014-09-05T12:14:00-00:00,-93.400814,44.553804,Minnetonka,0.49,29.21,2.16,8.27,1008.27,3.71,0,0.18
2014-09-05T12:14:00-00:00,-93.401174,44.553537,Minnetonka,0.469,29.54,2.86,8.38,1008.38,3.69,0,0.18
2014-09-05T12:14:00-00:00,-93.401353,44.553265,Minnetonka,0.465,29.63,2.88,8.38,1008.38,3.69,0,0.18
2014-09-05T12:14:00-00:00,-93.401824,44.553069,Minnetonka,0.485,29.13,2.21,8.28,1008.28,3.67,0,0.18
2014-09-05T12:14:00-00:00,-93.402298,44.552882,Minnetonka,0.489,28.92,1.93,8.24,1008.24,3.68,0,0.18
2014-09-05T12:14:00-00:00,-93.397257,44.552023,Minnetonka,0.396,28.22,4.7,8.82,1008.82,3.88,0,0.17
2014-09-05T12:14:00-00:00,-93.396037,44.548002,Minnetonka,0.35,29.63,5.77,8.88,1008.88,3.89,0,0.17
2014-09-05T12:14:00-00:00,-93.396366,44.548275,Minnetonka,0.364,29.19,5.49,8.87,1008.87,4,0,0.17
2014-09-05T12:14:00-00:00,-93.396698,44.548556,Minnetonka,0.358,29.63,5.6,8.85,1008.85,3.99,0,0.17
2014-09-05T12:14:00-00:00,-93.397027,44.548829,Minnetonka,0.366,29.98,5.28,8.78,1008.78,3.91,0,0.17
2014-09-05T12:14:00-00:00,-93.397364,44.549106,Minnetonka,0.352,29.62,5.81,8.88,1008.88,3.8,0,0.17
2014-09-05T12:14:00-00:00,-93.397701,44.549388,Minnetonka,0.351,28.57,5.78,8.95,1008.95,3.93,0,0.17
2014-09-05T12:14:00-00:00,-93.398019,44.549677,Minnetonka,0.334,28.71,6.26,9,1009,3.86,0,0.17
2014-09-05T12:14:00-00:00,-93.398236,44.550003,Minnetonka,0.374,27.82,5.35,8.94,1008.94,3.82,0,0.17
2014-09-05T12:14:00-00:00,-93.398238,44.550363,Minnetonka,0.384,27.65,4.84,8.88,1008.88,3.86,0,0.17
2014-09-05T12:14:00-00:00,-93.398146,44.550722,Minnetonka,0.429,27.96,3.9,8.7,1008.7,3.85,0,0.18
2014-09-05T12:14:00-00:00,-93.398013,44.551073,Minnetonka,0.431,27.99,3.95,8.71,1008.71,3.86,0,0.18
2014-09-05T12:14:00-00:00,-93.397846,44.551422,Minnetonka,0.408,28.05,4.45,8.79,1008.79,3.88,0,0.17
2014-09-05T12:14:00-00:00,-93.397588,44.551739,Minnetonka,0.391,26.84,4.88,8.94,1008.94,3.89,0,0.17
2014-09-05T12:14:00-00:00,-93.343345,44.551863,Minnetonka,0.274,41.51,8.01,8.39,1008.39,4.29,0,0.04
2014-09-05T12:14:00-00:00,-93.396869,44.552276,Minnetonka,0.428,28.14,3.9,8.69,1008.69,3.82,0,0.17
2014-09-05T12:14:00-00:00,-93.396411,44.552449,Minnetonka,0.44,28.26,3.52,8.61,1008.61,3.58,0,0.17
2014-09-05T12:14:00-00:00,-93.395922,44.552575,Minnetonka,0.507,28.62,2.25,8.34,1008.34,3.78,0,0.17
2014-09-05T12:14:00-00:00,-93.395438,44.552707,Minnetonka,0.487,28.3,1.88,8.29,1008.29,3.7,0,0.17
2014-09-05T12:14:00-00:00,-93.394948,44.552827,Minnetonka,0.534,28.47,1.22,8.13,1008.13,3.7,0,0.17
2014-09-05T12:14:00-00:00,-93.394453,44.552942,Minnetonka,0.518,27.07,1.67,8.35,1008.35,3.62,0,0.17
2014-09-05T12:14:00-00:00,-93.393979,44.553101,Minnetonka,0.543,28.42,1.33,8.15,1008.15,3.62,0,0.17
2014-09-05T12:14:00-00:00,-93.393572,44.553317,Minnetonka,0.535,28.47,1.09,8.1,1008.1,3.61,0,0.17
2014-09-05T12:14:00-00:00,-93.393186,44.553561,Minnetonka,0.575,28.5,0.14,7.87,1007.87,3.56,0,0.17
2014-09-05T12:14:00-00:00,-93.39288,44.553857,Minnetonka,0.583,28.57,9.78,7.77,1007.77,3.57,0,0.17
2014-09-05T12:14:00-00:00,-93.392598,44.554054,Minnetonka,0.553,28.58,0.44,7.93,1007.93,3.58,0,0.17
2014-09-05T12:14:00-00:00,-93.392468,44.554427,Minnetonka,0.602,28.66,9.58,7.71,1007.71,3.56,0,0.17
2014-09-05T12:14:00-00:00,-93.39243,44.554809,Minnetonka,0.587,28.59,9.6,7.72,1007.72,3.54,0,0.17
